 3.30000000e+00  3.34797819e-12  3.30000000e+00  3.64386267e-12  3.30000000e+00  6.62441645e-12 
 3.29000000e+00  3.34909545e-12  3.29000000e+00  3.64267613e-12  3.29000000e+00  6.60603451e-12 
 3.28000000e+00  3.35168516e-12  3.28000000e+00  3.64818879e-12  3.28000000e+00  6.65041293e-12 
 3.27000000e+00  3.35497655e-12  3.27000000e+00  3.65680965e-12  3.27000000e+00  6.72381207e-12 
 3.26000000e+00  3.35961616e-12  3.26000000e+00  3.67141168e-12  3.26000000e+00  6.85306727e-12 
 3.25000000e+00  3.36601062e-12  3.25000000e+00  3.69374585e-12  3.25000000e+00  7.05446706e-12 
 3.24000000e+00  3.37469228e-12  3.24000000e+00  3.72610588e-12  3.24000000e+00  7.34935059e-12 
 3.23000000e+00  3.38635796e-12  3.23000000e+00  3.77149573e-12  3.23000000e+00  7.76566594e-12 
 3.22000000e+00  3.40191969e-12  3.22000000e+00  3.83384864e-12  3.22000000e+00  8.34000922e-12 
 3.21000000e+00  3.42257103e-12  3.21000000e+00  3.91831388e-12  3.21000000e+00  9.12029236e-12 
 3.20000000e+00  3.44987380e-12  3.20000000e+00  4.03163173e-12  3.20000000e+00  1.01692334e-11 
 3.19000000e+00  3.48587159e-12  3.19000000e+00  4.18262414e-12  3.19000000e+00  1.15689225e-11 
 3.18000000e+00  3.53323807e-12  3.18000000e+00  4.38283648e-12  3.18000000e+00  1.34267945e-11 
 3.17000000e+00  3.59547092e-12  3.17000000e+00  4.64737684e-12  3.17000000e+00  1.58834410e-11 
 3.16000000e+00  3.67714532e-12  3.16000000e+00  4.99601382e-12  3.16000000e+00  1.91228271e-11 
 3.15000000e+00  3.78424524e-12  3.15000000e+00  5.45461176e-12  3.15000000e+00  2.33856512e-11 
 3.14000000e+00  3.92459621e-12  3.14000000e+00  6.05700743e-12  3.14000000e+00  2.89868132e-11 
 3.13000000e+00  4.10843064e-12  3.13000000e+00  6.84746298e-12  3.13000000e+00  3.63382490e-11 
 3.12000000e+00  4.34912601e-12  3.12000000e+00  7.88387197e-12  3.12000000e+00  4.59787768e-11 
 3.11000000e+00  4.66416830e-12  3.11000000e+00  9.24194841e-12  3.11000000e+00  5.86130969e-11 
 3.10000000e+00  5.07640919e-12  3.10000000e+00  1.10206988e-11  3.10000000e+00  7.51627428e-11 
 3.09000000e+00  5.61570550e-12  3.09000000e+00  1.33495686e-11  3.09000000e+00  9.68326246e-11 
 3.08000000e+00  6.32105616e-12  3.08000000e+00  1.63977710e-11  3.08000000e+00  1.25197910e-10 
 3.07000000e+00  7.24338588e-12  3.07000000e+00  2.03864615e-11  3.07000000e+00  1.62317416e-10 
 3.06000000e+00  8.44916872e-12  3.06000000e+00  2.56046177e-11  3.06000000e+00  2.10881535e-10 
 3.05000000e+00  1.00251411e-11  3.05000000e+00  3.24297427e-11  3.05000000e+00  2.74405126e-10 
 3.04000000e+00  1.20844264e-11  3.04000000e+00  4.13548399e-11  3.04000000e+00  3.57478886e-10 
 3.03000000e+00  1.47744847e-11  3.03000000e+00  5.30235380e-11  3.03000000e+00  4.66096737e-10 
 3.02000000e+00  1.82874209e-11  3.02000000e+00  6.82757903e-11  3.02000000e+00  6.08081887e-10 
 3.01000000e+00  2.28733301e-11  3.01000000e+00  8.82072831e-11  3.01000000e+00  7.93640850e-10 
 3.00000000e+00  2.88575499e-11  3.00000000e+00  1.14246585e-10  3.00000000e+00  1.03608316e-09 
 2.99000000e+00  3.66629239e-11  2.99000000e+00  1.48255225e-10  2.99000000e+00  1.35275530e-09 
 2.98000000e+00  4.68384716e-11  2.98000000e+00  1.92657334e-10  2.98000000e+00  1.76625114e-09 
 2.97000000e+00  6.00962259e-11  2.97000000e+00  2.50607354e-10  2.97000000e+00  2.30597832e-09 
 2.96000000e+00  7.73584419e-11  2.96000000e+00  3.26206597e-10  2.96000000e+00  3.01018235e-09 
 2.95000000e+00  9.98179180e-11  2.95000000e+00  4.24782366e-10  2.95000000e+00  3.92855676e-09 
 2.94000000e+00  1.29014820e-10  2.94000000e+00  5.53246919e-10  2.94000000e+00  5.12560252e-09 
 2.93000000e+00  1.66934164e-10  2.93000000e+00  7.20557973e-10  2.93000000e+00  6.68494101e-09 
 2.92000000e+00  2.16128996e-10  2.92000000e+00  9.38307810e-10  2.92000000e+00  8.71483665e-09 
 2.91000000e+00  2.79875355e-10  2.91000000e+00  1.22147455e-09  2.91000000e+00  1.13552468e-08 
 2.90000000e+00  3.62366216e-10  2.90000000e+00  1.58937684e-09  2.90000000e+00  1.47867909e-08 
 2.89000000e+00  4.68952926e-10  2.89000000e+00  2.06688222e-09  2.89000000e+00  1.92421171e-08 
 2.88000000e+00  6.06443965e-10  2.88000000e+00  2.68592994e-09  2.88000000e+00  2.50202478e-08 
 2.87000000e+00  7.83472349e-10  2.87000000e+00  3.48744079e-09  2.87000000e+00  3.25045975e-08 
 2.86000000e+00  1.01094448e-09  2.86000000e+00  4.52369948e-09  2.86000000e+00  4.21854889e-08 
 2.85000000e+00  1.30258483e-09  2.85000000e+00  5.86130968e-09  2.85000000e+00  5.46881315e-08 
 2.84000000e+00  1.67559244e-09  2.84000000e+00  7.58483677e-09  2.84000000e+00  7.08071783e-08 
 2.83000000e+00  2.15142718e-09  2.83000000e+00  9.80126923e-09  2.83000000e+00  9.15491363e-08 
 2.82000000e+00  2.75674553e-09  2.82000000e+00  1.26454462e-08  2.82000000e+00  1.18184070e-07 
 2.81000000e+00  3.52450854e-09  2.81000000e+00  1.62866158e-08  2.81000000e+00  1.52308205e-07 
 2.80000000e+00  4.49528699e-09  2.80000000e+00  2.09363073e-08  2.80000000e+00  1.95919229e-07 
 2.79000000e+00  5.71879249e-09  2.79000000e+00  2.68577206e-08  2.79000000e+00  2.51506275e-07 
 2.78000000e+00  7.25566517e-09  2.78000000e+00  3.43768613e-08  2.78000000e+00  3.22156820e-07 
 2.77000000e+00  9.17954946e-09  2.77000000e+00  4.38956788e-08  2.77000000e+00  4.11682986e-07 
 2.76000000e+00  1.15794839e-08  2.76000000e+00  5.59074953e-08  2.76000000e+00  5.24770085e-07 
 2.75000000e+00  1.45626167e-08  2.75000000e+00  7.10150462e-08  2.75000000e+00  6.67150527e-07 
 2.74000000e+00  1.82572316e-08  2.74000000e+00  8.99514627e-08  2.74000000e+00  8.45806439e-07 
 2.73000000e+00  2.28160181e-08  2.73000000e+00  1.13604501e-07  2.73000000e+00  1.06920422e-06 
 2.72000000e+00  2.84194586e-08  2.72000000e+00  1.43044209e-07  2.72000000e+00  1.34756345e-06 
 2.71000000e+00  3.52791154e-08  2.71000000e+00  1.79553985e-07  2.71000000e+00  1.69316050e-06 
 2.70000000e+00  4.36405167e-08  2.70000000e+00  2.24664544e-07  2.70000000e+00  2.12066373e-06 
 2.69000000e+00  5.37852615e-08  2.69000000e+00  2.80189689e-07  2.69000000e+00  2.64749104e-06 
 2.68000000e+00  6.60319212e-08  2.68000000e+00  3.48261930e-07  2.68000000e+00  3.29417306e-06 
 2.67000000e+00  8.07353350e-08  2.67000000e+00  4.31365054e-07  2.67000000e+00  4.08469544e-06 
 2.66000000e+00  9.82839757e-08  2.66000000e+00  5.32359855e-07  2.66000000e+00  5.04678466e-06 
 2.65000000e+00  1.19095223e-07  2.65000000e+00  6.54498612e-07  2.65000000e+00  6.21209412e-06 
 2.64000000e+00  1.43608586e-07  2.64000000e+00  8.01423831e-07  2.64000000e+00  7.61624469e-06 
 2.63000000e+00  1.72277137e-07  2.63000000e+00  9.77147396e-07  2.63000000e+00  9.29867796e-06 
 2.62000000e+00  2.05557640e-07  2.62000000e+00  1.18600767e-06  2.62000000e+00  1.13022921e-05 
 2.61000000e+00  2.43899999e-07  2.61000000e+00  1.43260418e-06  2.61000000e+00  1.36728493e-05 
 2.60000000e+00  2.87736738e-07  2.60000000e+00  1.72171179e-06  2.60000000e+00  1.64581680e-05 
 2.59000000e+00  3.37473196e-07  2.59000000e+00  2.05817888e-06  2.59000000e+00  1.97071355e-05 
 2.58000000e+00  3.93479052e-07  2.58000000e+00  2.44681573e-06  2.58000000e+00  2.34686017e-05 
 2.57000000e+00  4.56081623e-07  2.57000000e+00  2.89228047e-06  2.57000000e+00  2.77902240e-05 
 2.56000000e+00  5.25561213e-07  2.56000000e+00  3.39897039e-06  2.56000000e+00  3.27173432e-05 
 2.55000000e+00  6.02148570e-07  2.55000000e+00  3.97092540e-06  2.55000000e+00  3.82919620e-05 
 2.54000000e+00  6.86024382e-07  2.54000000e+00  4.61174929e-06  2.54000000e+00  4.45518885e-05 
 2.53000000e+00  7.77320573e-07  2.53000000e+00  5.32455220e-06  2.53000000e+00  5.15300858e-05 
 2.52000000e+00  8.76123078e-07  2.52000000e+00  6.11191596e-06  2.52000000e+00  5.92542504e-05 
 2.51000000e+00  9.82475745e-07  2.51000000e+00  6.97588192e-06  2.51000000e+00  6.77466212e-05 
 2.50000000e+00  1.09638498e-06  2.50000000e+00  7.91795910e-06  2.50000000e+00  7.70240029e-05 
 2.49000000e+00  1.21782480e-06  2.49000000e+00  8.93914967e-06  2.49000000e+00  8.70979745e-05 
 2.48000000e+00  1.34674200e-06  2.48000000e+00  1.00399878e-05  2.48000000e+00  9.79752463e-05 
 2.47000000e+00  1.48306115e-06  2.47000000e+00  1.12205881e-05  2.47000000e+00  1.09658124e-04 
 2.46000000e+00  1.62668932e-06  2.46000000e+00  1.24806989e-05  2.46000000e+00  1.22145041e-04 
 2.45000000e+00  1.77752037e-06  2.45000000e+00  1.38197589e-05  2.45000000e+00  1.35431122e-04 
 2.44000000e+00  1.93543152e-06  2.44000000e+00  1.52368872e-05  2.44000000e+00  1.49508104e-04 
 2.43000000e+00  2.10027798e-06  2.43000000e+00  1.67308545e-05  2.43000000e+00  1.64364063e-04 
 2.42000000e+00  2.27192933e-06  2.42000000e+00  1.83004340e-05  2.42000000e+00  1.79986931e-04 
 2.41000000e+00  2.45025527e-06  2.41000000e+00  1.99443002e-05  2.41000000e+00  1.96363515e-04 
 2.40000000e+00  2.63512605e-06  2.40000000e+00  2.16610538e-05  2.40000000e+00  2.13479769e-04 
 2.39000000e+00  2.82641380e-06  2.39000000e+00  2.34492528e-05  2.39000000e+00  2.31321131e-04 
 2.38000000e+00  3.02399350e-06  2.38000000e+00  2.53074376e-05  2.38000000e+00  2.49872789e-04 
 2.37000000e+00  3.22774372e-06  2.37000000e+00  2.72341516e-05  2.37000000e+00  2.69119910e-04 
 2.36000000e+00  3.43754701e-06  2.36000000e+00  2.92279565e-05  2.36000000e+00  2.89047804e-04 
 2.35000000e+00  3.65329020e-06  2.35000000e+00  3.12874444e-05  2.35000000e+00  3.09642058e-04 
 2.34000000e+00  3.87486447e-06  2.34000000e+00  3.34112455e-05  2.34000000e+00  3.30888628e-04 
 2.33000000e+00  4.10216537e-06  2.33000000e+00  3.55980343e-05  2.33000000e+00  3.52773904e-04 
 2.32000000e+00  4.33509270e-06  2.32000000e+00  3.78465322e-05  2.32000000e+00  3.75284748e-04 
 2.31000000e+00  4.57355036e-06  2.31000000e+00  4.01555096e-05  2.31000000e+00  3.98408512e-04 
 2.30000000e+00  4.81744617e-06  2.30000000e+00  4.25237857e-05  2.30000000e+00  4.22133051e-04 
 2.29000000e+00  5.06669160e-06  2.29000000e+00  4.49502275e-05  2.29000000e+00  4.46446707e-04 
 2.28000000e+00  5.32120160e-06  2.28000000e+00  4.74337487e-05  2.28000000e+00  4.71338301e-04 
 2.27000000e+00  5.58089431e-06  2.27000000e+00  4.99733073e-05  2.27000000e+00  4.96797113e-04 
 2.26000000e+00  5.84569085e-06  2.26000000e+00  5.25679030e-05  2.26000000e+00  5.22812854e-04 
 2.25000000e+00  6.11551509e-06  2.25000000e+00  5.52165753e-05  2.25000000e+00  5.49375645e-04 
 2.24000000e+00  6.39029342e-06  2.24000000e+00  5.79184000e-05  2.24000000e+00  5.76475990e-04 
 2.23000000e+00  6.66995459e-06  2.23000000e+00  6.06724875e-05  2.23000000e+00  6.04104745e-04 
 2.22000000e+00  6.95442948e-06  2.22000000e+00  6.34779794e-05  2.22000000e+00  6.32253099e-04 
 2.21000000e+00  7.24365098e-06  2.21000000e+00  6.63340469e-05  2.21000000e+00  6.60912543e-04 
 2.20000000e+00  7.53755378e-06  2.20000000e+00  6.92398882e-05  2.20000000e+00  6.90074853e-04 
 2.19000000e+00  7.83607428e-06  2.19000000e+00  7.21947264e-05  2.19000000e+00  7.19732061e-04 
 2.18000000e+00  8.13915043e-06  2.18000000e+00  7.51978076e-05  2.18000000e+00  7.49876444e-04 
 2.17000000e+00  8.44672164e-06  2.17000000e+00  7.82483992e-05  2.17000000e+00  7.80500497e-04 
 2.16000000e+00  8.75872868e-06  2.16000000e+00  8.13457883e-05  2.16000000e+00  8.11596923e-04 
 2.15000000e+00  9.07511356e-06  2.15000000e+00  8.44892806e-05  2.15000000e+00  8.43158613e-04 
 2.14000000e+00  9.39581950e-06  2.14000000e+00  8.76781982e-05  2.14000000e+00  8.75178640e-04 
 2.13000000e+00  9.72079081e-06  2.13000000e+00  9.09118797e-05  2.13000000e+00  9.07650236e-04 
 2.12000000e+00  1.00499729e-05  2.12000000e+00  9.41896781e-05  2.12000000e+00  9.40566791e-04 
 2.11000000e+00  1.03833120e-05  2.11000000e+00  9.75109606e-05  2.11000000e+00  9.73921840e-04 
 2.10000000e+00  1.07207556e-05  2.10000000e+00  1.00875107e-04  2.10000000e+00  1.00770905e-03 
 2.09000000e+00  1.10622518e-05  2.09000000e+00  1.04281511e-04  2.09000000e+00  1.04192222e-03 
 2.08000000e+00  1.14077497e-05  2.08000000e+00  1.07729575e-04  2.08000000e+00  1.07655528e-03 
 2.07000000e+00  1.17571992e-05  2.07000000e+00  1.11218716e-04  2.07000000e+00  1.11160225e-03 
 2.06000000e+00  1.21105511e-05  2.06000000e+00  1.14748360e-04  2.06000000e+00  1.14705729e-03 
 2.05000000e+00  1.24677567e-05  2.05000000e+00  1.18317943e-04  2.05000000e+00  1.18291464e-03 
 2.04000000e+00  1.28287683e-05  2.04000000e+00  1.21926910e-04  2.04000000e+00  1.21916866e-03 
 2.03000000e+00  1.31935388e-05  2.03000000e+00  1.25574719e-04  2.03000000e+00  1.25581380e-03 
 2.02000000e+00  1.35620219e-05  2.02000000e+00  1.29260832e-04  2.02000000e+00  1.29284460e-03 
 2.01000000e+00  1.39341719e-05  2.01000000e+00  1.32984724e-04  2.01000000e+00  1.33025570e-03 
 2.00000000e+00  1.43099438e-05  2.00000000e+00  1.36745877e-04  2.00000000e+00  1.36804181e-03 
 1.99000000e+00  1.46892931e-05  1.99000000e+00  1.40543780e-04  1.99000000e+00  1.40619775e-03 
 1.98000000e+00  1.50721762e-05  1.98000000e+00  1.44377933e-04  1.98000000e+00  1.44471840e-03 
 1.97000000e+00  1.54585500e-05  1.97000000e+00  1.48247840e-04  1.97000000e+00  1.48359874e-03 
 1.96000000e+00  1.58483720e-05  1.96000000e+00  1.52153015e-04  1.96000000e+00  1.52283382e-03 
 1.95000000e+00  1.62416001e-05  1.95000000e+00  1.56092981e-04  1.95000000e+00  1.56241875e-03 
 1.94000000e+00  1.66381932e-05  1.94000000e+00  1.60067264e-04  1.94000000e+00  1.60234875e-03 
 1.93000000e+00  1.70381105e-05  1.93000000e+00  1.64075402e-04  1.93000000e+00  1.64261908e-03 
 1.92000000e+00  1.74413117e-05  1.92000000e+00  1.68116935e-04  1.92000000e+00  1.68322509e-03 
 1.91000000e+00  1.78477573e-05  1.91000000e+00  1.72191414e-04  1.91000000e+00  1.72416220e-03 
 1.90000000e+00  1.82574081e-05  1.90000000e+00  1.76298394e-04  1.90000000e+00  1.76542588e-03 
 1.89000000e+00  1.86702255e-05  1.89000000e+00  1.80437438e-04  1.89000000e+00  1.80701170e-03 
 1.88000000e+00  1.90861716e-05  1.88000000e+00  1.84608116e-04  1.88000000e+00  1.84891526e-03 
 1.87000000e+00  1.95052087e-05  1.87000000e+00  1.88810001e-04  1.87000000e+00  1.89113226e-03 
 1.86000000e+00  1.99272999e-05  1.86000000e+00  1.93042677e-04  1.86000000e+00  1.93365843e-03 
 1.85000000e+00  2.03524087e-05  1.85000000e+00  1.97305730e-04  1.85000000e+00  1.97648959e-03 
 1.84000000e+00  2.07804989e-05  1.84000000e+00  2.01598754e-04  1.84000000e+00  2.01962159e-03 
 1.83000000e+00  2.12115351e-05  1.83000000e+00  2.05921348e-04  1.83000000e+00  2.06305039e-03 
 1.82000000e+00  2.16454821e-05  1.82000000e+00  2.10273118e-04  1.82000000e+00  2.10677195e-03 
 1.81000000e+00  2.20823054e-05  1.81000000e+00  2.14653675e-04  1.81000000e+00  2.15078233e-03 
 1.80000000e+00  2.25219707e-05  1.80000000e+00  2.19062634e-04  1.80000000e+00  2.19507763e-03 
 1.79000000e+00  2.29644444e-05  1.79000000e+00  2.23499618e-04  1.79000000e+00  2.23965401e-03 
 1.78000000e+00  2.34096931e-05  1.78000000e+00  2.27964254e-04  1.78000000e+00  2.28450769e-03 
 1.77000000e+00  2.38576841e-05  1.77000000e+00  2.32456174e-04  1.77000000e+00  2.32963492e-03 
 1.76000000e+00  2.43083850e-05  1.76000000e+00  2.36975016e-04  1.76000000e+00  2.37503205e-03 
 1.75000000e+00  2.47617637e-05  1.75000000e+00  2.41520423e-04  1.75000000e+00  2.42069542e-03 
 1.74000000e+00  2.52177887e-05  1.74000000e+00  2.46092043e-04  1.74000000e+00  2.46662149e-03 
 1.73000000e+00  2.56764288e-05  1.73000000e+00  2.50689527e-04  1.73000000e+00  2.51280670e-03 
 1.72000000e+00  2.61376533e-05  1.72000000e+00  2.55312535e-04  1.72000000e+00  2.55924760e-03 
 1.71000000e+00  2.66014317e-05  1.71000000e+00  2.59960727e-04  1.71000000e+00  2.60594075e-03 
 1.70000000e+00  2.70677342e-05  1.70000000e+00  2.64633772e-04  1.70000000e+00  2.65288278e-03 
 1.69000000e+00  2.75365312e-05  1.69000000e+00  2.69331340e-04  1.69000000e+00  2.70007035e-03 
 1.68000000e+00  2.80077933e-05  1.68000000e+00  2.74053107e-04  1.68000000e+00  2.74750018e-03 
 1.67000000e+00  2.84814919e-05  1.67000000e+00  2.78798755e-04  1.67000000e+00  2.79516903e-03 
 1.66000000e+00  2.89575983e-05  1.66000000e+00  2.83567967e-04  1.66000000e+00  2.84307369e-03 
 1.65000000e+00  2.94360845e-05  1.65000000e+00  2.88360433e-04  1.65000000e+00  2.89121103e-03 
 1.64000000e+00  2.99169227e-05  1.64000000e+00  2.93175847e-04  1.64000000e+00  2.93957792e-03 
 1.63000000e+00  3.04000855e-05  1.63000000e+00  2.98013906e-04  1.63000000e+00  2.98817131e-03 
 1.62000000e+00  3.08855458e-05  1.62000000e+00  3.02874310e-04  1.62000000e+00  3.03698817e-03 
 1.61000000e+00  3.13732769e-05  1.61000000e+00  3.07756767e-04  1.61000000e+00  3.08602551e-03 
 1.60000000e+00  3.18632524e-05  1.60000000e+00  3.12660986e-04  1.60000000e+00  3.13528040e-03 
 1.59000000e+00  3.23554462e-05  1.59000000e+00  3.17586679e-04  1.59000000e+00  3.18474992e-03 
 1.58000000e+00  3.28498325e-05  1.58000000e+00  3.22533564e-04  1.58000000e+00  3.23443122e-03 
 1.57000000e+00  3.33463859e-05  1.57000000e+00  3.27501363e-04  1.57000000e+00  3.28432146e-03 
 1.56000000e+00  3.38450813e-05  1.56000000e+00  3.32489800e-04  1.56000000e+00  3.33441786e-03 
 1.55000000e+00  3.43458938e-05  1.55000000e+00  3.37498602e-04  1.55000000e+00  3.38471766e-03 
 1.54000000e+00  3.48487990e-05  1.54000000e+00  3.42527503e-04  1.54000000e+00  3.43521816e-03 
 1.53000000e+00  3.53537726e-05  1.53000000e+00  3.47576237e-04  1.53000000e+00  3.48591667e-03 
 1.52000000e+00  3.58607907e-05  1.52000000e+00  3.52644544e-04  1.52000000e+00  3.53681055e-03 
 1.51000000e+00  3.63698297e-05  1.51000000e+00  3.57732165e-04  1.51000000e+00  3.58789719e-03 
 1.50000000e+00  3.68808661e-05  1.50000000e+00  3.62838846e-04  1.50000000e+00  3.63917401e-03 
 1.49000000e+00  3.73938770e-05  1.49000000e+00  3.67964336e-04  1.49000000e+00  3.69063847e-03 
 1.48000000e+00  3.79088396e-05  1.48000000e+00  3.73108387e-04  1.48000000e+00  3.74228807e-03 
 1.47000000e+00  3.84257312e-05  1.47000000e+00  3.78270755e-04  1.47000000e+00  3.79412032e-03 
 1.46000000e+00  3.89445298e-05  1.46000000e+00  3.83451198e-04  1.46000000e+00  3.84613279e-03 
 1.45000000e+00  3.94652132e-05  1.45000000e+00  3.88649477e-04  1.45000000e+00  3.89832306e-03 
 1.44000000e+00  3.99877598e-05  1.44000000e+00  3.93865358e-04  1.44000000e+00  3.95068876e-03 
 1.43000000e+00  4.05121480e-05  1.43000000e+00  3.99098606e-04  1.43000000e+00  4.00322752e-03 
 1.42000000e+00  4.10383567e-05  1.42000000e+00  4.04348995e-04  1.42000000e+00  4.05593703e-03 
 1.41000000e+00  4.15663649e-05  1.41000000e+00  4.09616295e-04  1.41000000e+00  4.10881500e-03 
 1.40000000e+00  4.20961519e-05  1.40000000e+00  4.14900285e-04  1.40000000e+00  4.16185917e-03 
 1.39000000e+00  4.26276971e-05  1.39000000e+00  4.20200742e-04  1.39000000e+00  4.21506730e-03 
 1.38000000e+00  4.31609803e-05  1.38000000e+00  4.25517449e-04  1.38000000e+00  4.26843718e-03 
 1.37000000e+00  4.36959816e-05  1.37000000e+00  4.30850190e-04  1.37000000e+00  4.32196664e-03 
 1.36000000e+00  4.42326811e-05  1.36000000e+00  4.36198753e-04  1.36000000e+00  4.37565354e-03 
 1.35000000e+00  4.47710592e-05  1.35000000e+00  4.41562928e-04  1.35000000e+00  4.42949574e-03 
 1.34000000e+00  4.53110967e-05  1.34000000e+00  4.46942506e-04  1.34000000e+00  4.48349114e-03 
 1.33000000e+00  4.58527745e-05  1.33000000e+00  4.52337283e-04  1.33000000e+00  4.53763769e-03 
 1.32000000e+00  4.63960735e-05  1.32000000e+00  4.57747056e-04  1.32000000e+00  4.59193332e-03 
 1.31000000e+00  4.69409753e-05  1.31000000e+00  4.63171626e-04  1.31000000e+00  4.64637603e-03 
 1.30000000e+00  4.74874612e-05  1.30000000e+00  4.68610795e-04  1.30000000e+00  4.70096381e-03 
 1.29000000e+00  4.80355132e-05  1.29000000e+00  4.74064367e-04  1.29000000e+00  4.75569471e-03 
 1.28000000e+00  4.85851130e-05  1.28000000e+00  4.79532151e-04  1.28000000e+00  4.81056676e-03 
 1.27000000e+00  4.91362428e-05  1.27000000e+00  4.85013955e-04  1.27000000e+00  4.86557804e-03 
 1.26000000e+00  4.96888851e-05  1.26000000e+00  4.90509591e-04  1.26000000e+00  4.92072667e-03 
 1.25000000e+00  5.02430223e-05  1.25000000e+00  4.96018874e-04  1.25000000e+00  4.97601075e-03 
 1.24000000e+00  5.07986372e-05  1.24000000e+00  5.01541619e-04  1.24000000e+00  5.03142844e-03 
 1.23000000e+00  5.13557127e-05  1.23000000e+00  5.07077646e-04  1.23000000e+00  5.08697791e-03 
 1.22000000e+00  5.19142320e-05  1.22000000e+00  5.12626775e-04  1.22000000e+00  5.14265734e-03 
 1.21000000e+00  5.24741784e-05  1.21000000e+00  5.18188829e-04  1.21000000e+00  5.19846495e-03 
 1.20000000e+00  5.30355353e-05  1.20000000e+00  5.23763633e-04  1.20000000e+00  5.25439897e-03 
 1.19000000e+00  5.35982865e-05  1.19000000e+00  5.29351013e-04  1.19000000e+00  5.31045765e-03 
 1.18000000e+00  5.41624157e-05  1.18000000e+00  5.34950799e-04  1.18000000e+00  5.36663928e-03 
 1.17000000e+00  5.47279070e-05  1.17000000e+00  5.40562822e-04  1.17000000e+00  5.42294214e-03 
 1.16000000e+00  5.52947447e-05  1.16000000e+00  5.46186915e-04  1.16000000e+00  5.47936456e-03 
 1.15000000e+00  5.58629130e-05  1.15000000e+00  5.51822913e-04  1.15000000e+00  5.53590486e-03 
 1.14000000e+00  5.64323966e-05  1.14000000e+00  5.57470652e-04  1.14000000e+00  5.59256141e-03 
 1.13000000e+00  5.70031801e-05  1.13000000e+00  5.63129972e-04  1.13000000e+00  5.64933257e-03 
 1.12000000e+00  5.75752484e-05  1.12000000e+00  5.68800712e-04  1.12000000e+00  5.70621675e-03 
 1.11000000e+00  5.81485865e-05  1.11000000e+00  5.74482716e-04  1.11000000e+00  5.76321234e-03 
 1.10000000e+00  5.87231796e-05  1.10000000e+00  5.80175828e-04  1.10000000e+00  5.82031779e-03 
 1.09000000e+00  5.92990131e-05  1.09000000e+00  5.85879893e-04  1.09000000e+00  5.87753154e-03 
 1.08000000e+00  5.98760725e-05  1.08000000e+00  5.91594760e-04  1.08000000e+00  5.93485205e-03 
 1.07000000e+00  6.04543434e-05  1.07000000e+00  5.97320277e-04  1.07000000e+00  5.99227781e-03 
 1.06000000e+00  6.10338117e-05  1.06000000e+00  6.03056297e-04  1.06000000e+00  6.04980733e-03 
 1.05000000e+00  6.16144632e-05  1.05000000e+00  6.08802672e-04  1.05000000e+00  6.10743911e-03 
 1.04000000e+00  6.21962841e-05  1.04000000e+00  6.14559257e-04  1.04000000e+00  6.16517170e-03 
 1.03000000e+00  6.27792607e-05  1.03000000e+00  6.20325907e-04  1.03000000e+00  6.22300364e-03 
 1.02000000e+00  6.33633793e-05  1.02000000e+00  6.26102481e-04  1.02000000e+00  6.28093350e-03 
 1.01000000e+00  6.39486264e-05  1.01000000e+00  6.31888838e-04  1.01000000e+00  6.33895988e-03 
 1.00000000e+00  6.45349888e-05  1.00000000e+00  6.37684839e-04  1.00000000e+00  6.39708135e-03 
 9.90000000e-01  6.51224531e-05  9.90000000e-01  6.43490346e-04  9.90000000e-01  6.45529655e-03 
 9.80000000e-01  6.57110065e-05  9.80000000e-01  6.49305224e-04  9.80000000e-01  6.51360411e-03 
 9.70000000e-01  6.63006358e-05  9.70000000e-01  6.55129337e-04  9.70000000e-01  6.57200266e-03 
 9.60000000e-01  6.68913284e-05  9.60000000e-01  6.60962553e-04  9.60000000e-01  6.63049087e-03 
 9.50000000e-01  6.74830716e-05  9.50000000e-01  6.66804740e-04  9.50000000e-01  6.68906741e-03 
 9.40000000e-01  6.80758528e-05  9.40000000e-01  6.72655769e-04  9.40000000e-01  6.74773098e-03 
 9.30000000e-01  6.86696596e-05  9.30000000e-01  6.78515510e-04  9.30000000e-01  6.80648028e-03 
 9.20000000e-01  6.92644797e-05  9.20000000e-01  6.84383835e-04  9.20000000e-01  6.86531403e-03 
 9.10000000e-01  6.98603010e-05  9.10000000e-01  6.90260620e-04  9.10000000e-01  6.92423096e-03 
 9.00000000e-01  7.04571114e-05  9.00000000e-01  6.96145738e-04  9.00000000e-01  6.98322982e-03 
 8.90000000e-01  7.10548989e-05  8.90000000e-01  7.02039068e-04  8.90000000e-01  7.04230936e-03 
 8.80000000e-01  7.16536519e-05  8.80000000e-01  7.07940487e-04  8.80000000e-01  7.10146836e-03 
 8.70000000e-01  7.22533584e-05  8.70000000e-01  7.13849874e-04  8.70000000e-01  7.16070561e-03 
 8.60000000e-01  7.28540071e-05  8.60000000e-01  7.19767110e-04  8.60000000e-01  7.22001991e-03 
 8.50000000e-01  7.34555864e-05  8.50000000e-01  7.25692076e-04  8.50000000e-01  7.27941006e-03 
 8.40000000e-01  7.40580850e-05  8.40000000e-01  7.31624657e-04  8.40000000e-01  7.33887490e-03 
 8.30000000e-01  7.46614915e-05  8.30000000e-01  7.37564735e-04  8.30000000e-01  7.39841325e-03 
 8.20000000e-01  7.52657950e-05  8.20000000e-01  7.43512197e-04  8.20000000e-01  7.45802397e-03 
 8.10000000e-01  7.58709843e-05  8.10000000e-01  7.49466929e-04  8.10000000e-01  7.51770592e-03 
 8.00000000e-01  7.64770485e-05  8.00000000e-01  7.55428820e-04  8.00000000e-01  7.57745798e-03 
 7.90000000e-01  7.70839768e-05  7.90000000e-01  7.61397757e-04  7.90000000e-01  7.63727902e-03 
 7.80000000e-01  7.76917585e-05  7.80000000e-01  7.67373632e-04  7.80000000e-01  7.69716795e-03 
 7.70000000e-01  7.83003829e-05  7.70000000e-01  7.73356335e-04  7.70000000e-01  7.75712367e-03 
 7.60000000e-01  7.89098396e-05  7.60000000e-01  7.79345759e-04  7.60000000e-01  7.81714510e-03 
 7.50000000e-01  7.95201180e-05  7.50000000e-01  7.85341798e-04  7.50000000e-01  7.87723117e-03 
 7.40000000e-01  8.01312080e-05  7.40000000e-01  7.91344346e-04  7.40000000e-01  7.93738083e-03 
 7.30000000e-01  8.07430992e-05  7.30000000e-01  7.97353298e-04  7.30000000e-01  7.99759302e-03 
 7.20000000e-01  8.13557816e-05  7.20000000e-01  8.03368552e-04  7.20000000e-01  8.05786670e-03 
 7.10000000e-01  8.19692450e-05  7.10000000e-01  8.09390005e-04  7.10000000e-01  8.11820086e-03 
 7.00000000e-01  8.25834796e-05  7.00000000e-01  8.15417555e-04  7.00000000e-01  8.17859447e-03 
 6.90000000e-01  8.31984754e-05  6.90000000e-01  8.21451103e-04  6.90000000e-01  8.23904652e-03 
 6.80000000e-01  8.38142227e-05  6.80000000e-01  8.27490548e-04  6.80000000e-01  8.29955603e-03 
 6.70000000e-01  8.44307119e-05  6.70000000e-01  8.33535794e-04  6.70000000e-01  8.36012200e-03 
 6.60000000e-01  8.50479333e-05  6.60000000e-01  8.39586742e-04  6.60000000e-01  8.42074345e-03 
 6.50000000e-01  8.56658774e-05  6.50000000e-01  8.45643296e-04  6.50000000e-01  8.48141942e-03 
 6.40000000e-01  8.62845349e-05  6.40000000e-01  8.51705360e-04  6.40000000e-01  8.54214896e-03 
 6.30000000e-01  8.69038963e-05  6.30000000e-01  8.57772840e-04  6.30000000e-01  8.60293110e-03 
 6.20000000e-01  8.75239523e-05  6.20000000e-01  8.63845643e-04  6.20000000e-01  8.66376492e-03 
 6.10000000e-01  8.81446940e-05  6.10000000e-01  8.69923675e-04  6.10000000e-01  8.72464948e-03 
 6.00000000e-01  8.87661120e-05  6.00000000e-01  8.76006845e-04  6.00000000e-01  8.78558387e-03 
 5.90000000e-01  8.93881975e-05  5.90000000e-01  8.82095061e-04  5.90000000e-01  8.84656716e-03 
 5.80000000e-01  9.00109414e-05  5.80000000e-01  8.88188234e-04  5.80000000e-01  8.90759846e-03 
 5.70000000e-01  9.06343350e-05  5.70000000e-01  8.94286273e-04  5.70000000e-01  8.96867686e-03 
 5.60000000e-01  9.12583693e-05  5.60000000e-01  9.00389092e-04  5.60000000e-01  9.02980149e-03 
 5.50000000e-01  9.18830358e-05  5.50000000e-01  9.06496602e-04  5.50000000e-01  9.09097147e-03 
 5.40000000e-01  9.25083258e-05  5.40000000e-01  9.12608715e-04  5.40000000e-01  9.15218592e-03 
 5.30000000e-01  9.31342307e-05  5.30000000e-01  9.18725347e-04  5.30000000e-01  9.21344398e-03 
 5.20000000e-01  9.37607420e-05  5.20000000e-01  9.24846412e-04  5.20000000e-01  9.27474479e-03 
 5.10000000e-01  9.43878514e-05  5.10000000e-01  9.30971826e-04  5.10000000e-01  9.33608753e-03 
 5.00000000e-01  9.50155504e-05  5.00000000e-01  9.37101504e-04  5.00000000e-01  9.39747133e-03 
 4.90000000e-01  9.56438307e-05  4.90000000e-01  9.43235363e-04  4.90000000e-01  9.45889538e-03 
 4.80000000e-01  9.62726842e-05  4.80000000e-01  9.49373323e-04  4.80000000e-01  9.52035884e-03 
 4.70000000e-01  9.69021027e-05  4.70000000e-01  9.55515300e-04  4.70000000e-01  9.58186091e-03 
 4.60000000e-01  9.75320782e-05  4.60000000e-01  9.61661215e-04  4.60000000e-01  9.64340077e-03 
 4.50000000e-01  9.81626026e-05  4.50000000e-01  9.67810987e-04  4.50000000e-01  9.70497763e-03 
 4.40000000e-01  9.87936679e-05  4.40000000e-01  9.73964537e-04  4.40000000e-01  9.76659069e-03 
 4.30000000e-01  9.94252663e-05  4.30000000e-01  9.80121786e-04  4.30000000e-01  9.82823916e-03 
 4.20000000e-01  1.00057390e-04  4.20000000e-01  9.86282657e-04  4.20000000e-01  9.88992226e-03 
 4.10000000e-01  1.00690031e-04  4.10000000e-01  9.92447072e-04  4.10000000e-01  9.95163921e-03 
 4.00000000e-01  1.01323182e-04  4.00000000e-01  9.98614954e-04  4.00000000e-01  1.00133893e-02 
 3.90000000e-01  1.01956835e-04  3.90000000e-01  1.00478623e-03  3.90000000e-01  1.00751716e-02 
 3.80000000e-01  1.02590983e-04  3.80000000e-01  1.01096082e-03  3.80000000e-01  1.01369856e-02 
 3.70000000e-01  1.03225618e-04  3.70000000e-01  1.01713865e-03  3.70000000e-01  1.01988304e-02 
 3.60000000e-01  1.03860732e-04  3.60000000e-01  1.02331965e-03  3.60000000e-01  1.02607053e-02 
 3.50000000e-01  1.04496318e-04  3.50000000e-01  1.02950374e-03  3.50000000e-01  1.03226095e-02 
 3.40000000e-01  1.05132370e-04  3.40000000e-01  1.03569085e-03  3.40000000e-01  1.03845424e-02 
 3.30000000e-01  1.05768878e-04  3.30000000e-01  1.04188091e-03  3.30000000e-01  1.04465031e-02 
 3.20000000e-01  1.06405837e-04  3.20000000e-01  1.04807385e-03  3.20000000e-01  1.05084911e-02 
 3.10000000e-01  1.07043240e-04  3.10000000e-01  1.05426960e-03  3.10000000e-01  1.05705055e-02 
 3.00000000e-01  1.07681078e-04  3.00000000e-01  1.06046808e-03  3.00000000e-01  1.06325457e-02 
 2.90000000e-01  1.08319345e-04  2.90000000e-01  1.06666923e-03  2.90000000e-01  1.06946110e-02 
 2.80000000e-01  1.08958033e-04  2.80000000e-01  1.07287297e-03  2.80000000e-01  1.07567007e-02 
 2.70000000e-01  1.09597137e-04  2.70000000e-01  1.07907924e-03  2.70000000e-01  1.08188141e-02 
 2.60000000e-01  1.10236649e-04  2.60000000e-01  1.08528797e-03  2.60000000e-01  1.08809504e-02 
 2.50000000e-01  1.10876561e-04  2.50000000e-01  1.09149910e-03  2.50000000e-01  1.09431091e-02 
 2.40000000e-01  1.11516868e-04  2.40000000e-01  1.09771254e-03  2.40000000e-01  1.10052895e-02 
 2.30000000e-01  1.12157563e-04  2.30000000e-01  1.10392825e-03  2.30000000e-01  1.10674909e-02 
 2.20000000e-01  1.12798638e-04  2.20000000e-01  1.11014614e-03  2.20000000e-01  1.11297126e-02 
 2.10000000e-01  1.13440087e-04  2.10000000e-01  1.11636616e-03  2.10000000e-01  1.11919540e-02 
 2.00000000e-01  1.14081903e-04  2.00000000e-01  1.12258824e-03  2.00000000e-01  1.12542144e-02 
 1.90000000e-01  1.14724080e-04  1.90000000e-01  1.12881232e-03  1.90000000e-01  1.13164932e-02 
 1.80000000e-01  1.15366611e-04  1.80000000e-01  1.13503833e-03  1.80000000e-01  1.13787898e-02 
 1.70000000e-01  1.16009491e-04  1.70000000e-01  1.14126621e-03  1.70000000e-01  1.14411034e-02 
 1.60000000e-01  1.16652711e-04  1.60000000e-01  1.14749589e-03  1.60000000e-01  1.15034336e-02 
 1.50000000e-01  1.17296266e-04  1.50000000e-01  1.15372731e-03  1.50000000e-01  1.15657795e-02 
 1.40000000e-01  1.17940149e-04  1.40000000e-01  1.15996041e-03  1.40000000e-01  1.16281408e-02 
 1.30000000e-01  1.18584355e-04  1.30000000e-01  1.16619513e-03  1.30000000e-01  1.16905166e-02 
 1.20000000e-01  1.19228876e-04  1.20000000e-01  1.17243141e-03  1.20000000e-01  1.17529064e-02 
 1.10000000e-01  1.19873707e-04  1.10000000e-01  1.17866918e-03  1.10000000e-01  1.18153096e-02 
 1.00000000e-01  1.20518842e-04  1.00000000e-01  1.18490839e-03  1.00000000e-01  1.18777256e-02 
 9.00000000e-02  1.21164273e-04  9.00000000e-02  1.19114896e-03  9.00000000e-02  1.19401537e-02 
 8.00000000e-02  1.21809996e-04  8.00000000e-02  1.19739086e-03  8.00000000e-02  1.20025935e-02 
 7.00000000e-02  1.22456003e-04  7.00000000e-02  1.20363401e-03  7.00000000e-02  1.20650442e-02 
 6.00000000e-02  1.23102289e-04  6.00000000e-02  1.20987835e-03  6.00000000e-02  1.21275054e-02 
 5.00000000e-02  1.23748848e-04  5.00000000e-02  1.21612383e-03  5.00000000e-02  1.21899763e-02 
 4.00000000e-02  1.24395674e-04  4.00000000e-02  1.22237039e-03  4.00000000e-02  1.22524565e-02 
 3.00000000e-02  1.25042761e-04  3.00000000e-02  1.22861797e-03  3.00000000e-02  1.23149454e-02 
 2.00000000e-02  1.25690102e-04  2.00000000e-02  1.23486652e-03  2.00000000e-02  1.23774424e-02 
 1.00000000e-02  1.26337693e-04  1.00000000e-02  1.24111597e-03  1.00000000e-02  1.24399468e-02 
 2.63365718e-14  1.26985527e-04  2.63365718e-14  1.24736627e-03  2.63365718e-14  1.25024583e-02 
