 3.30000000e+00  1.11639098e-13  3.30000000e+00  1.17946848e-13  3.30000000e+00  1.85749058e-13 
 3.29000000e+00  1.12136656e-13  3.29000000e+00  1.20142375e-13  3.29000000e+00  2.06195985e-13 
 3.28000000e+00  1.12957356e-13  3.28000000e+00  1.23763890e-13  3.28000000e+00  2.39923190e-13 
 3.27000000e+00  1.13935469e-13  3.27000000e+00  1.28080082e-13  3.27000000e+00  2.80119961e-13 
 3.26000000e+00  1.15215671e-13  3.26000000e+00  1.33729431e-13  3.26000000e+00  3.32732520e-13 
 3.25000000e+00  1.16891247e-13  3.25000000e+00  1.41123678e-13  3.25000000e+00  4.01595479e-13 
 3.24000000e+00  1.19084286e-13  3.24000000e+00  1.50801712e-13  3.24000000e+00  4.91727610e-13 
 3.23000000e+00  1.21954564e-13  3.23000000e+00  1.63468823e-13  3.23000000e+00  6.09697442e-13 
 3.22000000e+00  1.25711180e-13  3.22000000e+00  1.80048071e-13  3.22000000e+00  7.64101698e-13 
 3.21000000e+00  1.30627766e-13  3.21000000e+00  2.01747509e-13  3.21000000e+00  9.66191360e-13 
 3.20000000e+00  1.37062401e-13  3.20000000e+00  2.30148140e-13  3.20000000e+00  1.23069092e-12 
 3.19000000e+00  1.45483653e-13  3.19000000e+00  2.67319010e-13  3.19000000e+00  1.57687033e-12 
 3.18000000e+00  1.56504643e-13  3.18000000e+00  3.15967793e-13  3.18000000e+00  2.02994761e-12 
 3.17000000e+00  1.70927609e-13  3.17000000e+00  3.79637810e-13  3.17000000e+00  2.62292389e-12 
 3.16000000e+00  1.89802180e-13  3.16000000e+00  4.62965770e-13  3.16000000e+00  3.39898418e-12 
 3.15000000e+00  2.14501580e-13  3.15000000e+00  5.72018934e-13  3.15000000e+00  4.41463793e-12 
 3.14000000e+00  2.46822269e-13  3.14000000e+00  7.14736132e-13  3.14000000e+00  5.74382716e-12 
 3.13000000e+00  2.89114196e-13  3.13000000e+00  9.01504561e-13  3.13000000e+00  7.48329948e-12 
 3.12000000e+00  3.44451045e-13  3.12000000e+00  1.14591409e-12  3.12000000e+00  9.75963497e-12 
 3.11000000e+00  4.16852710e-13  3.11000000e+00  1.46574356e-12  3.11000000e+00  1.27384346e-11 
 3.10000000e+00  5.11575939e-13  3.10000000e+00  1.88425023e-12  3.10000000e+00  1.66363334e-11 
 3.09000000e+00  6.35493938e-13  3.09000000e+00  2.43185525e-12  3.09000000e+00  2.17367043e-11 
 3.08000000e+00  7.97592009e-13  3.08000000e+00  3.14834637e-12  3.08000000e+00  2.84101822e-11 
 3.07000000e+00  1.00961444e-12  3.07000000e+00  4.08575596e-12  3.07000000e+00  3.71414821e-11 
 3.06000000e+00  1.28690844e-12  3.06000000e+00  5.31212023e-12  3.06000000e+00  4.85644327e-11 
 3.05000000e+00  1.64952467e-12  3.05000000e+00  6.91638824e-12  3.05000000e+00  6.35077287e-11 
 3.04000000e+00  2.12365154e-12  3.04000000e+00  9.01482997e-12  3.04000000e+00  8.30546613e-11 
 3.03000000e+00  2.74348324e-12  3.03000000e+00  1.17593978e-11  3.03000000e+00  1.08621067e-10 
 3.02000000e+00  3.55365112e-12  3.02000000e+00  1.53486320e-11  3.02000000e+00  1.42057011e-10 
 3.01000000e+00  4.61238554e-12  3.01000000e+00  2.00418773e-11  3.01000000e+00  1.85779355e-10 
 3.00000000e+00  5.99562378e-12  3.00000000e+00  2.61778030e-11  3.00000000e+00  2.42944507e-10 
 2.99000000e+00  7.80234145e-12  2.99000000e+00  3.41985157e-11  2.99000000e+00  3.17673369e-10 
 2.98000000e+00  1.01614632e-11  2.98000000e+00  4.46809262e-11  2.98000000e+00  4.15344045e-10 
 2.97000000e+00  1.32408081e-11  2.97000000e+00  5.83775175e-11  2.97000000e+00  5.42972386e-10 
 2.96000000e+00  1.72586511e-11  2.96000000e+00  7.62692781e-11  2.96000000e+00  7.09706253e-10 
 2.95000000e+00  2.24986370e-11  2.95000000e+00  9.96343502e-11  2.95000000e+00  9.27466762e-10 
 2.94000000e+00  2.93289828e-11  2.94000000e+00  1.30136940e-10  2.94000000e+00  1.21177915e-09 
 2.93000000e+00  3.82271422e-11  2.93000000e+00  1.69942296e-10  2.93000000e+00  1.58284782e-09 
 2.92000000e+00  4.98114066e-11  2.92000000e+00  2.21865151e-10  2.92000000e+00  2.06694491e-09 
 2.91000000e+00  6.48812752e-11  2.91000000e+00  2.89560986e-10  2.91000000e+00  2.69820077e-09 
 2.90000000e+00  8.44688625e-11  2.90000000e+00  3.77771939e-10  2.90000000e+00  3.52090738e-09 
 2.89000000e+00  1.09904128e-10  2.89000000e+00  4.92642188e-10  2.89000000e+00  4.59247510e-09 
 2.88000000e+00  1.42897317e-10  2.88000000e+00  6.42121324e-10  2.88000000e+00  5.98721757e-09 
 2.87000000e+00  1.85642714e-10  2.87000000e+00  8.36478665e-10  2.87000000e+00  7.80118250e-09 
 2.86000000e+00  2.40948606e-10  2.86000000e+00  1.08895678e-09  2.86000000e+00  1.01582968e-08 
 2.85000000e+00  3.12399274e-10  2.85000000e+00  1.41659877e-09  2.85000000e+00  1.32181549e-08 
 2.84000000e+00  4.04555872e-10  2.84000000e+00  1.84129110e-09  2.84000000e+00  1.71858498e-08 
 2.83000000e+00  5.23204189e-10  2.83000000e+00  2.39107231e-09  2.83000000e+00  2.23243281e-08 
 2.82000000e+00  6.75658617e-10  2.82000000e+00  3.10176743e-09  2.82000000e+00  2.89698435e-08 
 2.81000000e+00  8.71133161e-10  2.81000000e+00  4.01901862e-09  2.81000000e+00  3.75511886e-08 
 2.80000000e+00  1.12119209e-09  2.80000000e+00  5.20079499e-09  2.80000000e+00  4.86135029e-08 
 2.79000000e+00  1.44029504e-09  2.79000000e+00  6.72047777e-09  2.79000000e+00  6.28475889e-08 
 2.78000000e+00  1.84645398e-09  2.78000000e+00  8.67063298e-09  2.78000000e+00  8.11258174e-08 
 2.77000000e+00  2.36202268e-09  2.77000000e+00  1.11676016e-08  2.77000000e+00  1.04545880e-07 
 2.76000000e+00  3.01464298e-09  2.76000000e+00  1.43570594e-08  2.76000000e+00  1.34483856e-07 
 2.75000000e+00  3.83837555e-09  2.75000000e+00  1.84207252e-08  2.75000000e+00  1.72658307e-07 
 2.74000000e+00  4.87504537e-09  2.74000000e+00  2.35844283e-08  2.74000000e+00  2.21207431e-07 
 2.73000000e+00  6.17583079e-09  2.73000000e+00  3.01277842e-08  2.73000000e+00  2.82781681e-07 
 2.72000000e+00  7.80311745e-09  2.72000000e+00  3.83957678e-08  2.72000000e+00  3.60654623e-07 
 2.71000000e+00  9.83261962e-09  2.71000000e+00  4.88125034e-08  2.71000000e+00  4.58855217e-07 
 2.70000000e+00  1.23557365e-08  2.70000000e+00  6.18975977e-08  2.70000000e+00  5.82324833e-07 
 2.69000000e+00  1.54820566e-08  2.69000000e+00  7.82852890e-08  2.69000000e+00  7.37102012e-07 
 2.68000000e+00  1.93418483e-08  2.68000000e+00  9.87465328e-08  2.68000000e+00  9.30536819e-07 
 2.67000000e+00  2.40882805e-08  2.67000000e+00  1.24213836e-07  2.67000000e+00  1.17153406e-06 
 2.66000000e+00  2.98990189e-08  2.66000000e+00  1.55808145e-07  2.66000000e+00  1.47082013e-06 
 2.65000000e+00  3.69767508e-08  2.65000000e+00  1.94866355e-07  2.65000000e+00  1.84122166e-06 
 2.64000000e+00  4.55481315e-08  2.64000000e+00  2.42967068e-07  2.64000000e+00  2.29793494e-06 
 2.63000000e+00  5.58606348e-08  2.63000000e+00  3.01951146e-07  2.63000000e+00  2.85875482e-06 
 2.62000000e+00  6.81768511e-08  2.62000000e+00  3.73932590e-07  2.62000000e+00  3.54422087e-06 
 2.61000000e+00  8.27659295e-08  2.61000000e+00  4.61294470e-07  2.61000000e+00  4.37762955e-06 
 2.60000000e+00  9.98921294e-08  2.60000000e+00  5.66664321e-07  2.60000000e+00  5.38485643e-06 
 2.59000000e+00  1.19800856e-07  2.59000000e+00  6.92863813e-07  2.59000000e+00  6.59393384e-06 
 2.58000000e+00  1.42703125e-07  2.58000000e+00  8.42828732e-07  2.58000000e+00  8.03433928e-06 
 2.57000000e+00  1.68760092e-07  2.57000000e+00  1.01949769e-06  2.57000000e+00  9.73596964e-06 
 2.56000000e+00  1.98069886e-07  2.56000000e+00  1.22567156e-06  2.56000000e+00  1.17278086e-05 
 2.55000000e+00  2.30659224e-07  2.55000000e+00  1.46385082e-06  2.55000000e+00  1.40363417e-05 
 2.54000000e+00  2.66481707e-07  2.54000000e+00  1.73606469e-06  2.54000000e+00  1.66838349e-05 
 2.53000000e+00  3.05423337e-07  2.53000000e+00  2.04371297e-06  2.53000000e+00  1.96866670e-05 
 2.52000000e+00  3.47314050e-07  2.52000000e+00  2.38744643e-06  2.52000000e+00  2.30539631e-05 
 2.51000000e+00  3.91942726e-07  2.51000000e+00  2.76711027e-06  2.51000000e+00  2.67867918e-05 
 2.50000000e+00  4.39072816e-07  2.50000000e+00  3.18176518e-06  2.50000000e+00  3.08781149e-05 
 2.49000000e+00  4.88456357e-07  2.49000000e+00  3.62978302e-06  2.49000000e+00  3.53135229e-05 
 2.48000000e+00  5.39845165e-07  2.48000000e+00  4.10899636e-06  2.48000000e+00  4.00726027e-05 
 2.47000000e+00  5.92998940e-07  2.47000000e+00  4.61687159e-06  2.47000000e+00  4.51306479e-05 
 2.46000000e+00  6.47690631e-07  2.46000000e+00  5.15067611e-06  2.46000000e+00  5.04604024e-05 
 2.45000000e+00  7.03709596e-07  2.45000000e+00  5.70762007e-06  2.45000000e+00  5.60335978e-05 
 2.44000000e+00  7.60860605e-07  2.44000000e+00  6.28493840e-06  2.44000000e+00  6.18219039e-05 
 2.43000000e+00  8.18961585e-07  2.43000000e+00  6.87993630e-06  2.43000000e+00  6.77974990e-05 
 2.42000000e+00  8.77855397e-07  2.42000000e+00  7.49015969e-06  2.42000000e+00  7.39348708e-05 
 2.41000000e+00  9.37402731e-07  2.41000000e+00  8.11335884e-06  2.41000000e+00  8.02105221e-05 
 2.40000000e+00  9.97480469e-07  2.40000000e+00  8.74749292e-06  2.40000000e+00  8.66030610e-05 
 2.39000000e+00  1.05798038e-06  2.39000000e+00  9.39072882e-06  2.39000000e+00  9.30932193e-05 
 2.38000000e+00  1.11880775e-06  2.38000000e+00  1.00414333e-05  2.38000000e+00  9.96637901e-05 
 2.37000000e+00  1.17988004e-06  2.37000000e+00  1.06981611e-05  2.37000000e+00  1.06299517e-04 
 2.36000000e+00  1.24112556e-06  2.36000000e+00  1.13596402e-05  2.36000000e+00  1.12986954e-04 
 2.35000000e+00  1.30248223e-06  2.35000000e+00  1.20247570e-05  2.35000000e+00  1.19714312e-04 
 2.34000000e+00  1.36389647e-06  2.34000000e+00  1.26925404e-05  2.34000000e+00  1.26471298e-04 
 2.33000000e+00  1.42532211e-06  2.33000000e+00  1.33621471e-05  2.33000000e+00  1.33248964e-04 
 2.32000000e+00  1.48671949e-06  2.32000000e+00  1.40328466e-05  2.32000000e+00  1.40039556e-04 
 2.31000000e+00  1.54805458e-06  2.31000000e+00  1.47040088e-05  2.31000000e+00  1.46836376e-04 
 2.30000000e+00  1.60929824e-06  2.30000000e+00  1.53750909e-05  2.30000000e+00  1.53633652e-04 
 2.29000000e+00  1.67042558e-06  2.29000000e+00  1.60456268e-05  2.29000000e+00  1.60426425e-04 
 2.28000000e+00  1.73141535e-06  2.28000000e+00  1.67152171e-05  2.28000000e+00  1.67210445e-04 
 2.27000000e+00  1.79224944e-06  2.27000000e+00  1.73835203e-05  2.27000000e+00  1.73982073e-04 
 2.26000000e+00  1.85291244e-06  2.26000000e+00  1.80502448e-05  2.26000000e+00  1.80738203e-04 
 2.25000000e+00  1.91339128e-06  2.25000000e+00  1.87151422e-05  2.25000000e+00  1.87476189e-04 
 2.24000000e+00  1.97367486e-06  2.24000000e+00  1.93780015e-05  2.24000000e+00  1.94193777e-04 
 2.23000000e+00  2.03375379e-06  2.23000000e+00  2.00386433e-05  2.23000000e+00  2.00889058e-04 
 2.22000000e+00  2.09362014e-06  2.22000000e+00  2.06969159e-05  2.22000000e+00  2.07560411e-04 
 2.21000000e+00  2.15326723e-06  2.21000000e+00  2.13526909e-05  2.21000000e+00  2.14206468e-04 
 2.20000000e+00  2.21268946e-06  2.20000000e+00  2.20058604e-05  2.20000000e+00  2.20826074e-04 
 2.19000000e+00  2.27188212e-06  2.19000000e+00  2.26563333e-05  2.19000000e+00  2.27418259e-04 
 2.18000000e+00  2.33084132e-06  2.18000000e+00  2.33040337e-05  2.18000000e+00  2.33982210e-04 
 2.17000000e+00  2.38956383e-06  2.17000000e+00  2.39488981e-05  2.17000000e+00  2.40517248e-04 
 2.16000000e+00  2.44804699e-06  2.16000000e+00  2.45908738e-05  2.16000000e+00  2.47022811e-04 
 2.15000000e+00  2.50628865e-06  2.15000000e+00  2.52299176e-05  2.15000000e+00  2.53498434e-04 
 2.14000000e+00  2.56428707e-06  2.14000000e+00  2.58659940e-05  2.14000000e+00  2.59943737e-04 
 2.13000000e+00  2.62204091e-06  2.13000000e+00  2.64990744e-05  2.13000000e+00  2.66358413e-04 
 2.12000000e+00  2.67954911e-06  2.12000000e+00  2.71291360e-05  2.12000000e+00  2.72742217e-04 
 2.11000000e+00  2.73681091e-06  2.11000000e+00  2.77561612e-05  2.11000000e+00  2.79094956e-04 
 2.10000000e+00  2.79382578e-06  2.10000000e+00  2.83801365e-05  2.10000000e+00  2.85416486e-04 
 2.09000000e+00  2.85059340e-06  2.09000000e+00  2.90010522e-05  2.09000000e+00  2.91706700e-04 
 2.08000000e+00  2.90711362e-06  2.08000000e+00  2.96189018e-05  2.08000000e+00  2.97965525e-04 
 2.07000000e+00  2.96338646e-06  2.07000000e+00  3.02336817e-05  2.07000000e+00  3.04192919e-04 
 2.06000000e+00  3.01941206e-06  2.06000000e+00  3.08453905e-05  2.06000000e+00  3.10388864e-04 
 2.05000000e+00  3.07519071e-06  2.05000000e+00  3.14540290e-05  2.05000000e+00  3.16553367e-04 
 2.04000000e+00  3.13072276e-06  2.04000000e+00  3.20595999e-05  2.04000000e+00  3.22686450e-04 
 2.03000000e+00  3.18600870e-06  2.03000000e+00  3.26621073e-05  2.03000000e+00  3.28788154e-04 
 2.02000000e+00  3.24104908e-06  2.02000000e+00  3.32615568e-05  2.02000000e+00  3.34858536e-04 
 2.01000000e+00  3.29584450e-06  2.01000000e+00  3.38579551e-05  2.01000000e+00  3.40897663e-04 
 2.00000000e+00  3.35039568e-06  2.00000000e+00  3.44513103e-05  2.00000000e+00  3.46905615e-04 
 1.99000000e+00  3.40470334e-06  1.99000000e+00  3.50416309e-05  1.99000000e+00  3.52882482e-04 
 1.98000000e+00  3.45876828e-06  1.98000000e+00  3.56289267e-05  1.98000000e+00  3.58828361e-04 
 1.97000000e+00  3.51259135e-06  1.97000000e+00  3.62132079e-05  1.97000000e+00  3.64743357e-04 
 1.96000000e+00  3.56617342e-06  1.96000000e+00  3.67944855e-05  1.96000000e+00  3.70627584e-04 
 1.95000000e+00  3.61951541e-06  1.95000000e+00  3.73727712e-05  1.95000000e+00  3.76481159e-04 
 1.94000000e+00  3.67261827e-06  1.94000000e+00  3.79480768e-05  1.94000000e+00  3.82304207e-04 
 1.93000000e+00  3.72548298e-06  1.93000000e+00  3.85204149e-05  1.93000000e+00  3.88096855e-04 
 1.92000000e+00  3.77811055e-06  1.92000000e+00  3.90897984e-05  1.92000000e+00  3.93859236e-04 
 1.91000000e+00  3.83050199e-06  1.91000000e+00  3.96562405e-05  1.91000000e+00  3.99591486e-04 
 1.90000000e+00  3.88265836e-06  1.90000000e+00  4.02197548e-05  1.90000000e+00  4.05293745e-04 
 1.89000000e+00  3.93458072e-06  1.89000000e+00  4.07803551e-05  1.89000000e+00  4.10966154e-04 
 1.88000000e+00  3.98627016e-06  1.88000000e+00  4.13380554e-05  1.88000000e+00  4.16608859e-04 
 1.87000000e+00  4.03772778e-06  1.87000000e+00  4.18928701e-05  1.87000000e+00  4.22222006e-04 
 1.86000000e+00  4.08895468e-06  1.86000000e+00  4.24448135e-05  1.86000000e+00  4.27805744e-04 
 1.85000000e+00  4.13995199e-06  1.85000000e+00  4.29939005e-05  1.85000000e+00  4.33360225e-04 
 1.84000000e+00  4.19072083e-06  1.84000000e+00  4.35401456e-05  1.84000000e+00  4.38885601e-04 
 1.83000000e+00  4.24126236e-06  1.83000000e+00  4.40835640e-05  1.83000000e+00  4.44382025e-04 
 1.82000000e+00  4.29157772e-06  1.82000000e+00  4.46241705e-05  1.82000000e+00  4.49849652e-04 
 1.81000000e+00  4.34166807e-06  1.81000000e+00  4.51619804e-05  1.81000000e+00  4.55288638e-04 
 1.80000000e+00  4.39153456e-06  1.80000000e+00  4.56970088e-05  1.80000000e+00  4.60699140e-04 
 1.79000000e+00  4.44117837e-06  1.79000000e+00  4.62292709e-05  1.79000000e+00  4.66081314e-04 
 1.78000000e+00  4.49060066e-06  1.78000000e+00  4.67587822e-05  1.78000000e+00  4.71435319e-04 
 1.77000000e+00  4.53980262e-06  1.77000000e+00  4.72855580e-05  1.77000000e+00  4.76761314e-04 
 1.76000000e+00  4.58878541e-06  1.76000000e+00  4.78096138e-05  1.76000000e+00  4.82059456e-04 
 1.75000000e+00  4.63755021e-06  1.75000000e+00  4.83309648e-05  1.75000000e+00  4.87329905e-04 
 1.74000000e+00  4.68609820e-06  1.74000000e+00  4.88496266e-05  1.74000000e+00  4.92572820e-04 
 1.73000000e+00  4.73443057e-06  1.73000000e+00  4.93656146e-05  1.73000000e+00  4.97788360e-04 
 1.72000000e+00  4.78254849e-06  1.72000000e+00  4.98789443e-05  1.72000000e+00  5.02976685e-04 
 1.71000000e+00  4.83045314e-06  1.71000000e+00  5.03896311e-05  1.71000000e+00  5.08137952e-04 
 1.70000000e+00  4.87814570e-06  1.70000000e+00  5.08976905e-05  1.70000000e+00  5.13272322e-04 
 1.69000000e+00  4.92562735e-06  1.69000000e+00  5.14031379e-05  1.69000000e+00  5.18379954e-04 
 1.68000000e+00  4.97289926e-06  1.68000000e+00  5.19059885e-05  1.68000000e+00  5.23461005e-04 
 1.67000000e+00  5.01996261e-06  1.67000000e+00  5.24062579e-05  1.67000000e+00  5.28515633e-04 
 1.66000000e+00  5.06681857e-06  1.66000000e+00  5.29039614e-05  1.66000000e+00  5.33543998e-04 
 1.65000000e+00  5.11346831e-06  1.65000000e+00  5.33991141e-05  1.65000000e+00  5.38546255e-04 
 1.64000000e+00  5.15991299e-06  1.64000000e+00  5.38917313e-05  1.64000000e+00  5.43522562e-04 
 1.63000000e+00  5.20615377e-06  1.63000000e+00  5.43818284e-05  1.63000000e+00  5.48473076e-04 
 1.62000000e+00  5.25219182e-06  1.62000000e+00  5.48694202e-05  1.62000000e+00  5.53397952e-04 
 1.61000000e+00  5.29802828e-06  1.61000000e+00  5.53545221e-05  1.61000000e+00  5.58297346e-04 
 1.60000000e+00  5.34366431e-06  1.60000000e+00  5.58371489e-05  1.60000000e+00  5.63171412e-04 
 1.59000000e+00  5.38910106e-06  1.59000000e+00  5.63173157e-05  1.59000000e+00  5.68020305e-04 
 1.58000000e+00  5.43433967e-06  1.58000000e+00  5.67950374e-05  1.58000000e+00  5.72844178e-04 
 1.57000000e+00  5.47938127e-06  1.57000000e+00  5.72703288e-05  1.57000000e+00  5.77643185e-04 
 1.56000000e+00  5.52422699e-06  1.56000000e+00  5.77432047e-05  1.56000000e+00  5.82417476e-04 
 1.55000000e+00  5.56887797e-06  1.55000000e+00  5.82136797e-05  1.55000000e+00  5.87167205e-04 
 1.54000000e+00  5.61333533e-06  1.54000000e+00  5.86817687e-05  1.54000000e+00  5.91892521e-04 
 1.53000000e+00  5.65760019e-06  1.53000000e+00  5.91474860e-05  1.53000000e+00  5.96593574e-04 
 1.52000000e+00  5.70167365e-06  1.52000000e+00  5.96108462e-05  1.52000000e+00  6.01270514e-04 
 1.51000000e+00  5.74555682e-06  1.51000000e+00  6.00718637e-05  1.51000000e+00  6.05923489e-04 
 1.50000000e+00  5.78925081e-06  1.50000000e+00  6.05305529e-05  1.50000000e+00  6.10552646e-04 
 1.49000000e+00  5.83275671e-06  1.49000000e+00  6.09869280e-05  1.49000000e+00  6.15158134e-04 
 1.48000000e+00  5.87607561e-06  1.48000000e+00  6.14410032e-05  1.48000000e+00  6.19740096e-04 
 1.47000000e+00  5.91920860e-06  1.47000000e+00  6.18927926e-05  1.47000000e+00  6.24298680e-04 
 1.46000000e+00  5.96215675e-06  1.46000000e+00  6.23423102e-05  1.46000000e+00  6.28834028e-04 
 1.45000000e+00  6.00492113e-06  1.45000000e+00  6.27895700e-05  1.45000000e+00  6.33346285e-04 
 1.44000000e+00  6.04750282e-06  1.44000000e+00  6.32345858e-05  1.44000000e+00  6.37835594e-04 
 1.43000000e+00  6.08990286e-06  1.43000000e+00  6.36773714e-05  1.43000000e+00  6.42302095e-04 
 1.42000000e+00  6.13212233e-06  1.42000000e+00  6.41179405e-05  1.42000000e+00  6.46745931e-04 
 1.41000000e+00  6.17416226e-06  1.41000000e+00  6.45563068e-05  1.41000000e+00  6.51167241e-04 
 1.40000000e+00  6.21602369e-06  1.40000000e+00  6.49924836e-05  1.40000000e+00  6.55566164e-04 
 1.39000000e+00  6.25770767e-06  1.39000000e+00  6.54264846e-05  1.39000000e+00  6.59942839e-04 
 1.38000000e+00  6.29921522e-06  1.38000000e+00  6.58583230e-05  1.38000000e+00  6.64297403e-04 
 1.37000000e+00  6.34054737e-06  1.37000000e+00  6.62880122e-05  1.37000000e+00  6.68629993e-04 
 1.36000000e+00  6.38170514e-06  1.36000000e+00  6.67155652e-05  1.36000000e+00  6.72940745e-04 
 1.35000000e+00  6.42268952e-06  1.35000000e+00  6.71409953e-05  1.35000000e+00  6.77229793e-04 
 1.34000000e+00  6.46350154e-06  1.34000000e+00  6.75643154e-05  1.34000000e+00  6.81497271e-04 
 1.33000000e+00  6.50414219e-06  1.33000000e+00  6.79855385e-05  1.33000000e+00  6.85743313e-04 
 1.32000000e+00  6.54461246e-06  1.32000000e+00  6.84046774e-05  1.32000000e+00  6.89968051e-04 
 1.31000000e+00  6.58491333e-06  1.31000000e+00  6.88217449e-05  1.31000000e+00  6.94171615e-04 
 1.30000000e+00  6.62504579e-06  1.30000000e+00  6.92367537e-05  1.30000000e+00  6.98354137e-04 
 1.29000000e+00  6.66501082e-06  1.29000000e+00  6.96497163e-05  1.29000000e+00  7.02515746e-04 
 1.28000000e+00  6.70480937e-06  1.28000000e+00  7.00606453e-05  1.28000000e+00  7.06656571e-04 
 1.27000000e+00  6.74444242e-06  1.27000000e+00  7.04695531e-05  1.27000000e+00  7.10776740e-04 
 1.26000000e+00  6.78391091e-06  1.26000000e+00  7.08764521e-05  1.26000000e+00  7.14876379e-04 
 1.25000000e+00  6.82321579e-06  1.25000000e+00  7.12813545e-05  1.25000000e+00  7.18955615e-04 
 1.24000000e+00  6.86235801e-06  1.24000000e+00  7.16842724e-05  1.24000000e+00  7.23014573e-04 
 1.23000000e+00  6.90133850e-06  1.23000000e+00  7.20852180e-05  1.23000000e+00  7.27053376e-04 
 1.22000000e+00  6.94015820e-06  1.22000000e+00  7.24842033e-05  1.22000000e+00  7.31072150e-04 
 1.21000000e+00  6.97881802e-06  1.21000000e+00  7.28812402e-05  1.21000000e+00  7.35071016e-04 
 1.20000000e+00  7.01731889e-06  1.20000000e+00  7.32763406e-05  1.20000000e+00  7.39050097e-04 
 1.19000000e+00  7.05566172e-06  1.19000000e+00  7.36695162e-05  1.19000000e+00  7.43009512e-04 
 1.18000000e+00  7.09384741e-06  1.18000000e+00  7.40607786e-05  1.18000000e+00  7.46949383e-04 
 1.17000000e+00  7.13187687e-06  1.17000000e+00  7.44501396e-05  1.17000000e+00  7.50869828e-04 
 1.16000000e+00  7.16975098e-06  1.16000000e+00  7.48376105e-05  1.16000000e+00  7.54770966e-04 
 1.15000000e+00  7.20747064e-06  1.15000000e+00  7.52232029e-05  1.15000000e+00  7.58652914e-04 
 1.14000000e+00  7.24503673e-06  1.14000000e+00  7.56069280e-05  1.14000000e+00  7.62515790e-04 
 1.13000000e+00  7.28245012e-06  1.13000000e+00  7.59887972e-05  1.13000000e+00  7.66359709e-04 
 1.12000000e+00  7.31971168e-06  1.12000000e+00  7.63688217e-05  1.12000000e+00  7.70184786e-04 
 1.11000000e+00  7.35682228e-06  1.11000000e+00  7.67470126e-05  1.11000000e+00  7.73991135e-04 
 1.10000000e+00  7.39378278e-06  1.10000000e+00  7.71233809e-05  1.10000000e+00  7.77778871e-04 
 1.09000000e+00  7.43059402e-06  1.09000000e+00  7.74979375e-05  1.09000000e+00  7.81548105e-04 
 1.08000000e+00  7.46725686e-06  1.08000000e+00  7.78706934e-05  1.08000000e+00  7.85298950e-04 
 1.07000000e+00  7.50377213e-06  1.07000000e+00  7.82416594e-05  1.07000000e+00  7.89031516e-04 
 1.06000000e+00  7.54014068e-06  1.06000000e+00  7.86108461e-05  1.06000000e+00  7.92745915e-04 
 1.05000000e+00  7.57636332e-06  1.05000000e+00  7.89782643e-05  1.05000000e+00  7.96442254e-04 
 1.04000000e+00  7.61244089e-06  1.04000000e+00  7.93439245e-05  1.04000000e+00  8.00120644e-04 
 1.03000000e+00  7.64837420e-06  1.03000000e+00  7.97078372e-05  1.03000000e+00  8.03781191e-04 
 1.02000000e+00  7.68416407e-06  1.02000000e+00  8.00700128e-05  1.02000000e+00  8.07424004e-04 
 1.01000000e+00  7.71981129e-06  1.01000000e+00  8.04304618e-05  1.01000000e+00  8.11049188e-04 
 1.00000000e+00  7.75531668e-06  1.00000000e+00  8.07891943e-05  1.00000000e+00  8.14656849e-04 
 9.90000000e-01  7.79068103e-06  9.90000000e-01  8.11462205e-05  9.90000000e-01  8.18247092e-04 
 9.80000000e-01  7.82590513e-06  9.80000000e-01  8.15015507e-05  9.80000000e-01  8.21820022e-04 
 9.70000000e-01  7.86098976e-06  9.70000000e-01  8.18551948e-05  9.70000000e-01  8.25375740e-04 
 9.60000000e-01  7.89593571e-06  9.60000000e-01  8.22071629e-05  9.60000000e-01  8.28914351e-04 
 9.50000000e-01  7.93074374e-06  9.50000000e-01  8.25574648e-05  9.50000000e-01  8.32435956e-04 
 9.40000000e-01  7.96541464e-06  9.40000000e-01  8.29061104e-05  9.40000000e-01  8.35940655e-04 
 9.30000000e-01  7.99994915e-06  9.30000000e-01  8.32531095e-05  9.30000000e-01  8.39428550e-04 
 9.20000000e-01  8.03434804e-06  9.20000000e-01  8.35984718e-05  9.20000000e-01  8.42899740e-04 
 9.10000000e-01  8.06861207e-06  9.10000000e-01  8.39422069e-05  9.10000000e-01  8.46354325e-04 
 9.00000000e-01  8.10274198e-06  9.00000000e-01  8.42843243e-05  9.00000000e-01  8.49792401e-04 
 8.90000000e-01  8.13673851e-06  8.90000000e-01  8.46248337e-05  8.90000000e-01  8.53214068e-04 
 8.80000000e-01  8.17060240e-06  8.80000000e-01  8.49637443e-05  8.80000000e-01  8.56619421e-04 
 8.70000000e-01  8.20433438e-06  8.70000000e-01  8.53010656e-05  8.70000000e-01  8.60008558e-04 
 8.60000000e-01  8.23793519e-06  8.60000000e-01  8.56368068e-05  8.60000000e-01  8.63381573e-04 
 8.50000000e-01  8.27140554e-06  8.50000000e-01  8.59709773e-05  8.50000000e-01  8.66738561e-04 
 8.40000000e-01  8.30474616e-06  8.40000000e-01  8.63035860e-05  8.40000000e-01  8.70079616e-04 
 8.30000000e-01  8.33795775e-06  8.30000000e-01  8.66346422e-05  8.30000000e-01  8.73404832e-04 
 8.20000000e-01  8.37104102e-06  8.20000000e-01  8.69641549e-05  8.20000000e-01  8.76714301e-04 
 8.10000000e-01  8.40399667e-06  8.10000000e-01  8.72921330e-05  8.10000000e-01  8.80008117e-04 
 8.00000000e-01  8.43682541e-06  8.00000000e-01  8.76185855e-05  8.00000000e-01  8.83286369e-04 
 7.90000000e-01  8.46952793e-06  7.90000000e-01  8.79435211e-05  7.90000000e-01  8.86549149e-04 
 7.80000000e-01  8.50210492e-06  7.80000000e-01  8.82669487e-05  7.80000000e-01  8.89796546e-04 
 7.70000000e-01  8.53455705e-06  7.70000000e-01  8.85888770e-05  7.70000000e-01  8.93028652e-04 
 7.60000000e-01  8.56688501e-06  7.60000000e-01  8.89093146e-05  7.60000000e-01  8.96245553e-04 
 7.50000000e-01  8.59908947e-06  7.50000000e-01  8.92282701e-05  7.50000000e-01  8.99447339e-04 
 7.40000000e-01  8.63117111e-06  7.40000000e-01  8.95457520e-05  7.40000000e-01  9.02634097e-04 
 7.30000000e-01  8.66313059e-06  7.30000000e-01  8.98617688e-05  7.30000000e-01  9.05805914e-04 
 7.20000000e-01  8.69496856e-06  7.20000000e-01  9.01763290e-05  7.20000000e-01  9.08962876e-04 
 7.10000000e-01  8.72668569e-06  7.10000000e-01  9.04894408e-05  7.10000000e-01  9.12105069e-04 
 7.00000000e-01  8.75828263e-06  7.00000000e-01  9.08011125e-05  7.00000000e-01  9.15232578e-04 
 6.90000000e-01  8.78976002e-06  6.90000000e-01  9.11113525e-05  6.90000000e-01  9.18345488e-04 
 6.80000000e-01  8.82111851e-06  6.80000000e-01  9.14201688e-05  6.80000000e-01  9.21443882e-04 
 6.70000000e-01  8.85235873e-06  6.70000000e-01  9.17275695e-05  6.70000000e-01  9.24527845e-04 
 6.60000000e-01  8.88348133e-06  6.60000000e-01  9.20335628e-05  6.60000000e-01  9.27597457e-04 
 6.50000000e-01  8.91448692e-06  6.50000000e-01  9.23381566e-05  6.50000000e-01  9.30652802e-04 
 6.40000000e-01  8.94537614e-06  6.40000000e-01  9.26413589e-05  6.40000000e-01  9.33693962e-04 
 6.30000000e-01  8.97614960e-06  6.30000000e-01  9.29431775e-05  6.30000000e-01  9.36721016e-04 
 6.20000000e-01  9.00680793e-06  6.20000000e-01  9.32436203e-05  6.20000000e-01  9.39734046e-04 
 6.10000000e-01  9.03735174e-06  6.10000000e-01  9.35426950e-05  6.10000000e-01  9.42733131e-04 
 6.00000000e-01  9.06778162e-06  6.00000000e-01  9.38404095e-05  6.00000000e-01  9.45718351e-04 
 5.90000000e-01  9.09809820e-06  5.90000000e-01  9.41367712e-05  5.90000000e-01  9.48689784e-04 
 5.80000000e-01  9.12830207e-06  5.80000000e-01  9.44317880e-05  5.80000000e-01  9.51647508e-04 
 5.70000000e-01  9.15839383e-06  5.70000000e-01  9.47254672e-05  5.70000000e-01  9.54591601e-04 
 5.60000000e-01  9.18837406e-06  5.60000000e-01  9.50178165e-05  5.60000000e-01  9.57522141e-04 
 5.50000000e-01  9.21824336e-06  5.50000000e-01  9.53088433e-05  5.50000000e-01  9.60439202e-04 
 5.40000000e-01  9.24800231e-06  5.40000000e-01  9.55985550e-05  5.40000000e-01  9.63342863e-04 
 5.30000000e-01  9.27765149e-06  5.30000000e-01  9.58869588e-05  5.30000000e-01  9.66233197e-04 
 5.20000000e-01  9.30719148e-06  5.20000000e-01  9.61740623e-05  5.20000000e-01  9.69110279e-04 
 5.10000000e-01  9.33662286e-06  5.10000000e-01  9.64598725e-05  5.10000000e-01  9.71974185e-04 
 5.00000000e-01  9.36594618e-06  5.00000000e-01  9.67443966e-05  5.00000000e-01  9.74824988e-04 
 4.90000000e-01  9.39516201e-06  4.90000000e-01  9.70276419e-05  4.90000000e-01  9.77662762e-04 
 4.80000000e-01  9.42427093e-06  4.80000000e-01  9.73096155e-05  4.80000000e-01  9.80487578e-04 
 4.70000000e-01  9.45327347e-06  4.70000000e-01  9.75903243e-05  4.70000000e-01  9.83299510e-04 
 4.60000000e-01  9.48217021e-06  4.60000000e-01  9.78697753e-05  4.60000000e-01  9.86098629e-04 
 4.50000000e-01  9.51096168e-06  4.50000000e-01  9.81479756e-05  4.50000000e-01  9.88885007e-04 
 4.40000000e-01  9.53964843e-06  4.40000000e-01  9.84249320e-05  4.40000000e-01  9.91658714e-04 
 4.30000000e-01  9.56823101e-06  4.30000000e-01  9.87006514e-05  4.30000000e-01  9.94419820e-04 
 4.20000000e-01  9.59670995e-06  4.20000000e-01  9.89751406e-05  4.20000000e-01  9.97168397e-04 
 4.10000000e-01  9.62508580e-06  4.10000000e-01  9.92484063e-05  4.10000000e-01  9.99904512e-04 
 4.00000000e-01  9.65335907e-06  4.00000000e-01  9.95204553e-05  4.00000000e-01  1.00262823e-03 
 3.90000000e-01  9.68153031e-06  3.90000000e-01  9.97912942e-05  3.90000000e-01  1.00533963e-03 
 3.80000000e-01  9.70960003e-06  3.80000000e-01  1.00060930e-04  3.80000000e-01  1.00803878e-03 
 3.70000000e-01  9.73756876e-06  3.70000000e-01  1.00329368e-04  3.70000000e-01  1.01072573e-03 
 3.60000000e-01  9.76543702e-06  3.60000000e-01  1.00596616e-04  3.60000000e-01  1.01340056e-03 
 3.50000000e-01  9.79320531e-06  3.50000000e-01  1.00862681e-04  3.50000000e-01  1.01606334e-03 
 3.40000000e-01  9.82087416e-06  3.40000000e-01  1.01127568e-04  3.40000000e-01  1.01871413e-03 
 3.30000000e-01  9.84844406e-06  3.30000000e-01  1.01391284e-04  3.30000000e-01  1.02135300e-03 
 3.20000000e-01  9.87591553e-06  3.20000000e-01  1.01653835e-04  3.20000000e-01  1.02398001e-03 
 3.10000000e-01  9.90328906e-06  3.10000000e-01  1.01915228e-04  3.10000000e-01  1.02659522e-03 
 3.00000000e-01  9.93056515e-06  3.00000000e-01  1.02175469e-04  3.00000000e-01  1.02919871e-03 
 2.90000000e-01  9.95774429e-06  2.90000000e-01  1.02434564e-04  2.90000000e-01  1.03179053e-03 
 2.80000000e-01  9.98482698e-06  2.80000000e-01  1.02692519e-04  2.80000000e-01  1.03437074e-03 
 2.70000000e-01  1.00118137e-05  2.70000000e-01  1.02949341e-04  2.70000000e-01  1.03693942e-03 
 2.60000000e-01  1.00387050e-05  2.60000000e-01  1.03205035e-04  2.60000000e-01  1.03949663e-03 
 2.50000000e-01  1.00655012e-05  2.50000000e-01  1.03459608e-04  2.50000000e-01  1.04204241e-03 
 2.40000000e-01  1.00922029e-05  2.40000000e-01  1.03713066e-04  2.40000000e-01  1.04457685e-03 
 2.30000000e-01  1.01188106e-05  2.30000000e-01  1.03965414e-04  2.30000000e-01  1.04709999e-03 
 2.20000000e-01  1.01453247e-05  2.20000000e-01  1.04216659e-04  2.20000000e-01  1.04961191e-03 
 2.10000000e-01  1.01717457e-05  2.10000000e-01  1.04466806e-04  2.10000000e-01  1.05211265e-03 
 2.00000000e-01  1.01980741e-05  2.00000000e-01  1.04715862e-04  2.00000000e-01  1.05460229e-03 
 1.90000000e-01  1.02243103e-05  1.90000000e-01  1.04963832e-04  1.90000000e-01  1.05708087e-03 
 1.80000000e-01  1.02504548e-05  1.80000000e-01  1.05210721e-04  1.80000000e-01  1.05954846e-03 
 1.70000000e-01  1.02765080e-05  1.70000000e-01  1.05456536e-04  1.70000000e-01  1.06200512e-03 
 1.60000000e-01  1.03024704e-05  1.60000000e-01  1.05701283e-04  1.60000000e-01  1.06445091e-03 
 1.50000000e-01  1.03283425e-05  1.50000000e-01  1.05944966e-04  1.50000000e-01  1.06688588e-03 
 1.40000000e-01  1.03541247e-05  1.40000000e-01  1.06187593e-04  1.40000000e-01  1.06931009e-03 
 1.30000000e-01  1.03798174e-05  1.30000000e-01  1.06429167e-04  1.30000000e-01  1.07172360e-03 
 1.20000000e-01  1.04054211e-05  1.20000000e-01  1.06669695e-04  1.20000000e-01  1.07412647e-03 
 1.10000000e-01  1.04309362e-05  1.10000000e-01  1.06909183e-04  1.10000000e-01  1.07651875e-03 
 1.00000000e-01  1.04563632e-05  1.00000000e-01  1.07147635e-04  1.00000000e-01  1.07890050e-03 
 9.00000000e-02  1.04817025e-05  9.00000000e-02  1.07385057e-04  9.00000000e-02  1.08127177e-03 
 8.00000000e-02  1.05069545e-05  8.00000000e-02  1.07621455e-04  8.00000000e-02  1.08363263e-03 
 7.00000000e-02  1.05321196e-05  7.00000000e-02  1.07856834e-04  7.00000000e-02  1.08598311e-03 
 6.00000000e-02  1.05571984e-05  6.00000000e-02  1.08091199e-04  6.00000000e-02  1.08832329e-03 
 5.00000000e-02  1.05821911e-05  5.00000000e-02  1.08324556e-04  5.00000000e-02  1.09065321e-03 
 4.00000000e-02  1.06070983e-05  4.00000000e-02  1.08556910e-04  4.00000000e-02  1.09297293e-03 
 3.00000000e-02  1.06319203e-05  3.00000000e-02  1.08788266e-04  3.00000000e-02  1.09528250e-03 
 2.00000000e-02  1.06566576e-05  2.00000000e-02  1.09018629e-04  2.00000000e-02  1.09758197e-03 
 1.00000000e-02  1.06813105e-05  1.00000000e-02  1.09248004e-04  1.00000000e-02  1.09987140e-03 
 2.63365718e-14  1.07058795e-05  2.63365718e-14  1.09476397e-04  2.63365718e-14  1.10215084e-03 
