 0.00000000e+00  3.79411715e-12  0.00000000e+00  7.50842013e-12  0.00000000e+00  4.74459120e-11 
 1.00000000e-02  3.94994256e-12  1.00000000e-02  8.86003072e-12  1.00000000e-02  6.16543184e-11 
 2.00000000e-02  4.15588130e-12  2.00000000e-02  1.06464244e-11  2.00000000e-02  8.04330258e-11 
 3.00000000e-02  4.42802794e-12  3.00000000e-02  1.30072763e-11  3.00000000e-02  1.05250169e-10 
 4.00000000e-02  4.78763801e-12  4.00000000e-02  1.61270648e-11  4.00000000e-02  1.38044781e-10 
 5.00000000e-02  5.26277955e-12  5.00000000e-02  2.02494159e-11  5.00000000e-02  1.81377532e-10 
 6.00000000e-02  5.89051164e-12  6.00000000e-02  2.56960262e-11  6.00000000e-02  2.38629594e-10 
 7.00000000e-02  6.71975761e-12  7.00000000e-02  3.28916240e-11  7.00000000e-02  3.14264934e-10 
 8.00000000e-02  7.81509318e-12  8.00000000e-02  4.23968835e-11  8.00000000e-02  4.14176170e-10 
 9.00000000e-02  9.26173940e-12  9.00000000e-02  5.49518167e-11  9.00000000e-02  5.46140494e-10 
 1.00000000e-01  1.11721416e-11  1.00000000e-01  7.15329579e-11  1.00000000e-01  7.20420482e-10 
 1.10000000e-01  1.36946343e-11  1.10000000e-01  9.34286996e-11  1.10000000e-01  9.50555545e-10 
 1.20000000e-01  1.70248498e-11  1.20000000e-01  1.22338499e-10  1.20000000e-01  1.25440407e-09 
 1.30000000e-01  2.14207293e-11  1.30000000e-01  1.60503460e-10  1.30000000e-01  1.65551498e-09 
 1.40000000e-01  2.72222660e-11  1.40000000e-01  2.10878113e-10  1.40000000e-01  2.18493193e-09 
 1.50000000e-01  3.48774527e-11  1.50000000e-01  2.77356272e-10  1.50000000e-01  2.88356493e-09 
 1.60000000e-01  4.49763603e-11  1.60000000e-01  3.65067755e-10  1.60000000e-01  3.80530577e-09 
 1.70000000e-01  5.82958549e-11  1.70000000e-01  4.80767913e-10  1.70000000e-01  5.02111715e-09 
 1.80000000e-01  7.58582201e-11  1.80000000e-01  6.33348513e-10  1.80000000e-01  6.62439438e-09 
 1.90000000e-01  9.90079202e-11  1.90000000e-01  8.34507052e-10  1.90000000e-01  8.73798839e-09 
 2.00000000e-01  1.29511988e-10  2.00000000e-01  1.09962258e-09  2.00000000e-01  1.15233928e-08 
 2.10000000e-01  1.69691117e-10  2.10000000e-01  1.44890011e-09  2.10000000e-01  1.51927440e-08 
 2.20000000e-01  2.22590546e-10  2.20000000e-01  1.90886349e-09  2.20000000e-01  2.00244701e-08 
 2.30000000e-01  2.92202383e-10  2.30000000e-01  2.51429922e-09  2.30000000e-01  2.63836562e-08 
 2.40000000e-01  3.83754189e-10  2.40000000e-01  3.31078179e-09  2.40000000e-01  3.47484893e-08 
 2.50000000e-01  5.04082575e-10  2.50000000e-01  4.35794631e-09  2.50000000e-01  4.57445065e-08 
 2.60000000e-01  6.62115381e-10  2.60000000e-01  5.73371693e-09  2.60000000e-01  6.01888147e-08 
 2.70000000e-01  8.69491817e-10  2.70000000e-01  7.53975177e-09  2.70000000e-01  7.91469828e-08 
 2.80000000e-01  1.14135677e-09  2.80000000e-01  9.90842673e-09  2.80000000e-01  1.04005942e-07 
 2.90000000e-01  1.49737340e-09  2.90000000e-01  1.30117522e-08  2.90000000e-01  1.36566956e-07 
 3.00000000e-01  1.96300707e-09  3.00000000e-01  1.70726978e-08  3.00000000e-01  1.79163534e-07 
 3.10000000e-01  2.57114304e-09  3.10000000e-01  2.23794870e-08  3.10000000e-01  2.34810044e-07 
 3.20000000e-01  3.36410988e-09  3.20000000e-01  2.93035145e-08  3.20000000e-01  3.07387632e-07 
 3.30000000e-01  4.39618946e-09  3.30000000e-01  3.83216178e-08  3.30000000e-01  4.01874840e-07 
 3.40000000e-01  5.73670029e-09  3.40000000e-01  5.00435029e-08  3.40000000e-01  5.24630870e-07 
 3.50000000e-01  7.47374335e-09  3.50000000e-01  6.52451437e-08  3.50000000e-01  6.83739537e-07 
 3.60000000e-01  9.71869449e-09  3.60000000e-01  8.49089417e-08  3.60000000e-01  8.89421424e-07 
 3.70000000e-01  1.26115127e-08  3.70000000e-01  1.10271305e-07  3.70000000e-01  1.15452019e-06 
 3.80000000e-01  1.63269060e-08  3.80000000e-01  1.42878056e-07  3.80000000e-01  1.49506623e-06 
 3.90000000e-01  2.10813513e-08  3.90000000e-01  1.84647674e-07  3.90000000e-01  1.93091634e-06 
 4.00000000e-01  2.71409042e-08  4.00000000e-01  2.37941805e-07  4.00000000e-01  2.48646221e-06 
 4.10000000e-01  3.48296517e-08  4.10000000e-01  3.05641714e-07  4.10000000e-01  3.19139225e-06 
 4.20000000e-01  4.45385629e-08  4.20000000e-01  3.91228444e-07  4.20000000e-01  4.08148243e-06 
 4.30000000e-01  5.67343866e-08  4.30000000e-01  4.98863451e-07  4.30000000e-01  5.19938157e-06 
 4.40000000e-01  7.19681270e-08  4.40000000e-01  6.33465466e-07  4.40000000e-01  6.59534707e-06 
 4.50000000e-01  9.08825222e-08  4.50000000e-01  8.00778444e-07  4.50000000e-01  8.32787867e-06 
 4.60000000e-01  1.14217855e-07  4.60000000e-01  1.00742479e-06  4.60000000e-01  1.04641928e-05 
 4.70000000e-01  1.42815352e-07  4.70000000e-01  1.26093776e-06  4.70000000e-01  1.30804780e-05 
 4.80000000e-01  1.77617386e-07  4.80000000e-01  1.56976697e-06  4.80000000e-01  1.62618757e-05 
 4.90000000e-01  2.19663725e-07  4.90000000e-01  1.94325154e-06  4.90000000e-01  2.01021357e-05 
 5.00000000e-01  2.70083140e-07  5.00000000e-01  2.39155658e-06  5.00000000e-01  2.47029115e-05 
 5.10000000e-01  3.30079913e-07  5.10000000e-01  2.92557019e-06  5.10000000e-01  3.01726774e-05 
 5.20000000e-01  4.00915136e-07  5.20000000e-01  3.55676096e-06  5.20000000e-01  3.66252720e-05 
 5.30000000e-01  4.83883153e-07  5.30000000e-01  4.29699860e-06  5.30000000e-01  4.41781069e-05 
 5.40000000e-01  5.80284122e-07  5.40000000e-01  5.15834420e-06  5.40000000e-01  5.29501064e-05 
 5.50000000e-01  6.91394223e-07  5.50000000e-01  6.15281985e-06  5.50000000e-01  6.30594794e-05 
 5.60000000e-01  8.18435460e-07  5.60000000e-01  7.29217024e-06  5.60000000e-01  7.46214407e-05 
 5.70000000e-01  9.62547189e-07  5.70000000e-01  8.58762973e-06  5.70000000e-01  8.77460092e-05 
 5.80000000e-01  1.12476134e-06  5.80000000e-01  1.00497083e-05  5.80000000e-01  1.02536000e-04 
 5.90000000e-01  1.30598285e-06  5.90000000e-01  1.16880069e-05  5.90000000e-01  1.19085300e-04 
 6.00000000e-01  1.50697610e-06  6.00000000e-01  1.35110698e-05  6.00000000e-01  1.37477494e-04 
 6.10000000e-01  1.72835770e-06  6.10000000e-01  1.55262766e-05  6.10000000e-01  1.57784854e-04 
 6.20000000e-01  1.97059510e-06  6.20000000e-01  1.77397755e-05  6.20000000e-01  1.80067703e-04 
 6.30000000e-01  2.23401017e-06  6.30000000e-01  2.01564534e-05  6.30000000e-01  2.04374120e-04 
 6.40000000e-01  2.51878689e-06  6.40000000e-01  2.27799397e-05  6.40000000e-01  2.30739951e-04 
 6.50000000e-01  2.82498188e-06  6.50000000e-01  2.56126385e-05  6.50000000e-01  2.59189087e-04 
 6.60000000e-01  3.15253685e-06  6.60000000e-01  2.86557844e-05  6.60000000e-01  2.89733966e-04 
 6.70000000e-01  3.50129210e-06  6.70000000e-01  3.19095170e-05  6.70000000e-01  3.22376261e-04 
 6.80000000e-01  3.87100028e-06  6.80000000e-01  3.53729694e-05  6.80000000e-01  3.57107704e-04 
 6.90000000e-01  4.26134002e-06  6.90000000e-01  3.90443666e-05  6.90000000e-01  3.93911027e-04 
 7.00000000e-01  4.67192890e-06  7.00000000e-01  4.29211304e-05  7.00000000e-01  4.32760959e-04 
 7.10000000e-01  5.10233558e-06  7.10000000e-01  4.69999869e-05  7.10000000e-01  4.73625275e-04 
 7.20000000e-01  5.55209082e-06  7.20000000e-01  5.12770731e-05  7.20000000e-01  5.16465835e-04 
 7.30000000e-01  6.02069745e-06  7.30000000e-01  5.57480414e-05  7.30000000e-01  5.61239604e-04 
 7.40000000e-01  6.50763903e-06  7.40000000e-01  6.04081572e-05  7.40000000e-01  6.07899633e-04 
 7.50000000e-01  7.01238742e-06  7.50000000e-01  6.52523912e-05  7.50000000e-01  6.56395959e-04 
 7.60000000e-01  7.53440919e-06  7.60000000e-01  7.02755018e-05  7.60000000e-01  7.06676439e-04 
 7.70000000e-01  8.07317097e-06  7.70000000e-01  7.54721094e-05  7.70000000e-01  7.58687491e-04 
 7.80000000e-01  8.62814382e-06  7.80000000e-01  8.08367610e-05  7.80000000e-01  8.12374745e-04 
 7.90000000e-01  9.19880674e-06  7.90000000e-01  8.63639856e-05  7.90000000e-01  8.67683600e-04 
 8.00000000e-01  9.78464938e-06  8.00000000e-01  9.20483408e-05  8.00000000e-01  9.24559697e-04 
 8.10000000e-01  1.03851741e-05  8.10000000e-01  9.78844511e-05  8.10000000e-01  9.82949308e-04 
 8.20000000e-01  1.09998976e-05  8.20000000e-01  1.03867038e-04  8.20000000e-01  1.04279965e-03 
 8.30000000e-01  1.16283518e-05  8.30000000e-01  1.09990946e-04  8.30000000e-01  1.10405913e-03 
 8.40000000e-01  1.22700843e-05  8.40000000e-01  1.16251158e-04  8.40000000e-01  1.16667753e-03 
 8.50000000e-01  1.29246591e-05  8.50000000e-01  1.22642809e-04  8.50000000e-01  1.23060615e-03 
 8.60000000e-01  1.35916566e-05  8.60000000e-01  1.29161198e-04  8.60000000e-01  1.29579788e-03 
 8.70000000e-01  1.42706730e-05  8.70000000e-01  1.35801788e-04  8.70000000e-01  1.36220730e-03 
 8.80000000e-01  1.49613206e-05  8.80000000e-01  1.42560214e-04  8.80000000e-01  1.42979067e-03 
 8.90000000e-01  1.56632272e-05  8.90000000e-01  1.49432280e-04  8.90000000e-01  1.49850591e-03 
 9.00000000e-01  1.63760353e-05  9.00000000e-01  1.56413955e-04  9.00000000e-01  1.56831267e-03 
 9.10000000e-01  1.70994023e-05  9.10000000e-01  1.63501375e-04  9.10000000e-01  1.63917222e-03 
 9.20000000e-01  1.78329991e-05  9.20000000e-01  1.70690837e-04  9.20000000e-01  1.71104744e-03 
 9.30000000e-01  1.85765103e-05  9.30000000e-01  1.77978791e-04  9.30000000e-01  1.78390277e-03 
 9.40000000e-01  1.93296330e-05  9.40000000e-01  1.85361839e-04  9.40000000e-01  1.85770417e-03 
 9.50000000e-01  2.00920767e-05  9.50000000e-01  1.92836726e-04  9.50000000e-01  1.93241904e-03 
 9.60000000e-01  2.08635625e-05  9.60000000e-01  2.00400337e-04  9.60000000e-01  2.00801616e-03 
 9.70000000e-01  2.16438224e-05  9.70000000e-01  2.08049686e-04  9.70000000e-01  2.08446564e-03 
 9.80000000e-01  2.24325992e-05  9.80000000e-01  2.15781917e-04  9.80000000e-01  2.16173889e-03 
 9.90000000e-01  2.32296456e-05  9.90000000e-01  2.23594291e-04  9.90000000e-01  2.23980849e-03 
 1.00000000e+00  2.40347241e-05  1.00000000e+00  2.31484186e-04  1.00000000e+00  2.31864819e-03 
 1.01000000e+00  2.48476060e-05  1.01000000e+00  2.39449088e-04  1.01000000e+00  2.39823285e-03 
 1.02000000e+00  2.56680715e-05  1.02000000e+00  2.47486587e-04  1.02000000e+00  2.47853834e-03 
 1.03000000e+00  2.64959091e-05  1.03000000e+00  2.55594371e-04  1.03000000e+00  2.55954155e-03 
 1.04000000e+00  2.73309149e-05  1.04000000e+00  2.63770222e-04  1.04000000e+00  2.64122030e-03 
 1.05000000e+00  2.81728926e-05  1.05000000e+00  2.72012010e-04  1.05000000e+00  2.72355330e-03 
 1.06000000e+00  2.90216533e-05  1.06000000e+00  2.80317690e-04  1.06000000e+00  2.80652010e-03 
 1.07000000e+00  2.98770145e-05  1.07000000e+00  2.88685299e-04  1.07000000e+00  2.89010108e-03 
 1.08000000e+00  3.07388004e-05  1.08000000e+00  2.97112947e-04  1.08000000e+00  2.97427738e-03 
 1.09000000e+00  3.16068414e-05  1.09000000e+00  3.05598819e-04  1.09000000e+00  3.05903085e-03 
 1.10000000e+00  3.24809737e-05  1.10000000e+00  3.14141167e-04  1.10000000e+00  3.14434404e-03 
 1.11000000e+00  3.33610392e-05  1.11000000e+00  3.22738310e-04  1.11000000e+00  3.23020016e-03 
 1.12000000e+00  3.42468851e-05  1.12000000e+00  3.31388628e-04  1.12000000e+00  3.31658306e-03 
 1.13000000e+00  3.51383639e-05  1.13000000e+00  3.40090562e-04  1.13000000e+00  3.40347716e-03 
 1.14000000e+00  3.60353327e-05  1.14000000e+00  3.48842609e-04  1.14000000e+00  3.49086746e-03 
 1.15000000e+00  3.69376538e-05  1.15000000e+00  3.57643318e-04  1.15000000e+00  3.57873949e-03 
 1.16000000e+00  3.78451934e-05  1.16000000e+00  3.66491291e-04  1.16000000e+00  3.66707931e-03 
 1.17000000e+00  3.87578224e-05  1.17000000e+00  3.75385179e-04  1.17000000e+00  3.75587345e-03 
 1.18000000e+00  3.96754158e-05  1.18000000e+00  3.84323678e-04  1.18000000e+00  3.84510893e-03 
 1.19000000e+00  4.05978523e-05  1.19000000e+00  3.93305530e-04  1.19000000e+00  3.93477319e-03 
 1.20000000e+00  4.15250146e-05  1.20000000e+00  4.02329520e-04  1.20000000e+00  4.02485411e-03 
 1.21000000e+00  4.24567890e-05  1.21000000e+00  4.11394472e-04  1.21000000e+00  4.11533998e-03 
 1.22000000e+00  4.33930651e-05  1.22000000e+00  4.20499249e-04  1.22000000e+00  4.20621948e-03 
 1.23000000e+00  4.43337360e-05  1.23000000e+00  4.29642752e-04  1.23000000e+00  4.29748164e-03 
 1.24000000e+00  4.52786980e-05  1.24000000e+00  4.38823917e-04  1.24000000e+00  4.38911586e-03 
 1.25000000e+00  4.62278505e-05  1.25000000e+00  4.48041714e-04  1.25000000e+00  4.48111189e-03 
 1.26000000e+00  4.71810956e-05  1.26000000e+00  4.57295146e-04  1.26000000e+00  4.57345980e-03 
 1.27000000e+00  4.81383386e-05  1.27000000e+00  4.66583247e-04  1.27000000e+00  4.66614995e-03 
 1.28000000e+00  4.90994872e-05  1.28000000e+00  4.75905080e-04  1.28000000e+00  4.75917303e-03 
 1.29000000e+00  5.00644521e-05  1.29000000e+00  4.85259738e-04  1.29000000e+00  4.85251999e-03 
 1.30000000e+00  5.10331461e-05  1.30000000e+00  4.94646341e-04  1.30000000e+00  4.94618209e-03 
 1.31000000e+00  5.20054848e-05  1.31000000e+00  5.04064036e-04  1.31000000e+00  5.04015082e-03 
 1.32000000e+00  5.29813860e-05  1.32000000e+00  5.13511995e-04  1.32000000e+00  5.13441795e-03 
 1.33000000e+00  5.39607697e-05  1.33000000e+00  5.22989413e-04  1.33000000e+00  5.22897546e-03 
 1.34000000e+00  5.49435582e-05  1.34000000e+00  5.32495511e-04  1.34000000e+00  5.32381561e-03 
 1.35000000e+00  5.59296758e-05  1.35000000e+00  5.42029531e-04  1.35000000e+00  5.41893085e-03 
 1.36000000e+00  5.69190489e-05  1.36000000e+00  5.51590738e-04  1.36000000e+00  5.51431386e-03 
 1.37000000e+00  5.79116059e-05  1.37000000e+00  5.61178417e-04  1.37000000e+00  5.60995753e-03 
 1.38000000e+00  5.89072769e-05  1.38000000e+00  5.70791873e-04  1.38000000e+00  5.70585495e-03 
 1.39000000e+00  5.99059941e-05  1.39000000e+00  5.80430431e-04  1.39000000e+00  5.80199941e-03 
 1.40000000e+00  6.09076912e-05  1.40000000e+00  5.90093435e-04  1.40000000e+00  5.89838438e-03 
 1.41000000e+00  6.19123038e-05  1.41000000e+00  5.99780247e-04  1.41000000e+00  5.99500350e-03 
 1.42000000e+00  6.29197690e-05  1.42000000e+00  6.09490245e-04  1.42000000e+00  6.09185062e-03 
 1.43000000e+00  6.39300257e-05  1.43000000e+00  6.19222826e-04  1.43000000e+00  6.18891972e-03 
 1.44000000e+00  6.49430142e-05  1.44000000e+00  6.28977402e-04  1.44000000e+00  6.28620497e-03 
 1.45000000e+00  6.59586762e-05  1.45000000e+00  6.38753401e-04  1.45000000e+00  6.38370066e-03 
 1.46000000e+00  6.69769551e-05  1.46000000e+00  6.48550266e-04  1.46000000e+00  6.48140128e-03 
 1.47000000e+00  6.79977955e-05  1.47000000e+00  6.58367456e-04  1.47000000e+00  6.57930144e-03 
 1.48000000e+00  6.90211435e-05  1.48000000e+00  6.68204442e-04  1.48000000e+00  6.67739588e-03 
 1.49000000e+00  7.00469463e-05  1.49000000e+00  6.78060711e-04  1.49000000e+00  6.77567950e-03 
 1.50000000e+00  7.10751527e-05  1.50000000e+00  6.87935760e-04  1.50000000e+00  6.87414732e-03 
 1.51000000e+00  7.21057124e-05  1.51000000e+00  6.97829103e-04  1.51000000e+00  6.97279450e-03 
 1.52000000e+00  7.31385765e-05  1.52000000e+00  7.07740264e-04  1.52000000e+00  7.07161631e-03 
 1.53000000e+00  7.41736973e-05  1.53000000e+00  7.17668780e-04  1.53000000e+00  7.17060815e-03 
 1.54000000e+00  7.52110280e-05  1.54000000e+00  7.27614197e-04  1.54000000e+00  7.26976552e-03 
 1.55000000e+00  7.62505232e-05  1.55000000e+00  7.37576077e-04  1.55000000e+00  7.36908406e-03 
 1.56000000e+00  7.72921383e-05  1.56000000e+00  7.47553989e-04  1.56000000e+00  7.46855949e-03 
 1.57000000e+00  7.83358299e-05  1.57000000e+00  7.57547515e-04  1.57000000e+00  7.56818767e-03 
 1.58000000e+00  7.93815555e-05  1.58000000e+00  7.67556246e-04  1.58000000e+00  7.66796453e-03 
 1.59000000e+00  8.04292736e-05  1.59000000e+00  7.77579783e-04  1.59000000e+00  7.76788611e-03 
 1.60000000e+00  8.14789437e-05  1.60000000e+00  7.87617737e-04  1.60000000e+00  7.86794856e-03 
 1.61000000e+00  8.25305263e-05  1.61000000e+00  7.97669730e-04  1.61000000e+00  7.96814811e-03 
 1.62000000e+00  8.35839824e-05  1.62000000e+00  8.07735390e-04  1.62000000e+00  8.06848108e-03 
 1.63000000e+00  8.46392744e-05  1.63000000e+00  8.17814355e-04  1.63000000e+00  8.16894388e-03 
 1.64000000e+00  8.56963652e-05  1.64000000e+00  8.27906274e-04  1.64000000e+00  8.26953302e-03 
 1.65000000e+00  8.67552186e-05  1.65000000e+00  8.38010801e-04  1.65000000e+00  8.37024507e-03 
 1.66000000e+00  8.78157993e-05  1.66000000e+00  8.48127600e-04  1.66000000e+00  8.47107670e-03 
 1.67000000e+00  8.88780725e-05  1.67000000e+00  8.58256343e-04  1.67000000e+00  8.57202464e-03 
 1.68000000e+00  8.99420045e-05  1.68000000e+00  8.68396708e-04  1.68000000e+00  8.67308572e-03 
 1.69000000e+00  9.10075622e-05  1.69000000e+00  8.78548381e-04  1.69000000e+00  8.77425682e-03 
 1.70000000e+00  9.20747131e-05  1.70000000e+00  8.88711058e-04  1.70000000e+00  8.87553490e-03 
 1.71000000e+00  9.31434255e-05  1.71000000e+00  8.98884437e-04  1.71000000e+00  8.97691701e-03 
 1.72000000e+00  9.42136685e-05  1.72000000e+00  9.09068227e-04  1.72000000e+00  9.07840023e-03 
 1.73000000e+00  9.52854116e-05  1.73000000e+00  9.19262143e-04  1.73000000e+00  9.17998174e-03 
 1.74000000e+00  9.63586251e-05  1.74000000e+00  9.29465904e-04  1.74000000e+00  9.28165877e-03 
 1.75000000e+00  9.74332800e-05  1.75000000e+00  9.39679238e-04  1.75000000e+00  9.38342861e-03 
 1.76000000e+00  9.85093477e-05  1.76000000e+00  9.49901877e-04  1.76000000e+00  9.48528862e-03 
 1.77000000e+00  9.95868003e-05  1.77000000e+00  9.60133562e-04  1.77000000e+00  9.58723621e-03 
 1.78000000e+00  1.00665611e-04  1.78000000e+00  9.70374035e-04  1.78000000e+00  9.68926884e-03 
 1.79000000e+00  1.01745752e-04  1.79000000e+00  9.80623049e-04  1.79000000e+00  9.79138406e-03 
 1.80000000e+00  1.02827198e-04  1.80000000e+00  9.90880358e-04  1.80000000e+00  9.89357943e-03 
 1.81000000e+00  1.03909923e-04  1.81000000e+00  1.00114572e-03  1.81000000e+00  9.99585260e-03 
 1.82000000e+00  1.04993902e-04  1.82000000e+00  1.01141891e-03  1.82000000e+00  1.00982012e-02 
 1.83000000e+00  1.06079110e-04  1.83000000e+00  1.02169970e-03  1.83000000e+00  1.02006231e-02 
 1.84000000e+00  1.07165523e-04  1.84000000e+00  1.03198785e-03  1.84000000e+00  1.03031160e-02 
 1.85000000e+00  1.08253118e-04  1.85000000e+00  1.04228316e-03  1.85000000e+00  1.04056777e-02 
 1.86000000e+00  1.09341871e-04  1.86000000e+00  1.05258541e-03  1.86000000e+00  1.05083061e-02 
 1.87000000e+00  1.10431760e-04  1.87000000e+00  1.06289438e-03  1.87000000e+00  1.06109992e-02 
 1.88000000e+00  1.11522762e-04  1.88000000e+00  1.07320988e-03  1.88000000e+00  1.07137548e-02 
 1.89000000e+00  1.12614855e-04  1.89000000e+00  1.08353170e-03  1.89000000e+00  1.08165711e-02 
 1.90000000e+00  1.13708019e-04  1.90000000e+00  1.09385965e-03  1.90000000e+00  1.09194461e-02 
 1.91000000e+00  1.14802232e-04  1.91000000e+00  1.10419353e-03  1.91000000e+00  1.10223779e-02 
 1.92000000e+00  1.15897474e-04  1.92000000e+00  1.11453315e-03  1.92000000e+00  1.11253645e-02 
 1.93000000e+00  1.16993724e-04  1.93000000e+00  1.12487834e-03  1.93000000e+00  1.12284042e-02 
 1.94000000e+00  1.18090963e-04  1.94000000e+00  1.13522890e-03  1.94000000e+00  1.13314953e-02 
 1.95000000e+00  1.19189170e-04  1.95000000e+00  1.14558467e-03  1.95000000e+00  1.14346358e-02 
 1.96000000e+00  1.20288329e-04  1.96000000e+00  1.15594546e-03  1.96000000e+00  1.15378242e-02 
 1.97000000e+00  1.21388418e-04  1.97000000e+00  1.16631111e-03  1.97000000e+00  1.16410587e-02 
 1.98000000e+00  1.22489421e-04  1.98000000e+00  1.17668146e-03  1.98000000e+00  1.17443377e-02 
 1.99000000e+00  1.23591319e-04  1.99000000e+00  1.18705633e-03  1.99000000e+00  1.18476596e-02 
 2.00000000e+00  1.24694095e-04  2.00000000e+00  1.19743557e-03  2.00000000e+00  1.19510228e-02 
 2.01000000e+00  1.25797731e-04  2.01000000e+00  1.20781902e-03  2.01000000e+00  1.20544257e-02 
 2.02000000e+00  1.26902211e-04  2.02000000e+00  1.21820653e-03  2.02000000e+00  1.21578669e-02 
 2.03000000e+00  1.28007517e-04  2.03000000e+00  1.22859795e-03  2.03000000e+00  1.22613448e-02 
 2.04000000e+00  1.29113633e-04  2.04000000e+00  1.23899313e-03  2.04000000e+00  1.23648580e-02 
 2.05000000e+00  1.30220543e-04  2.05000000e+00  1.24939192e-03  2.05000000e+00  1.24684050e-02 
 2.06000000e+00  1.31328232e-04  2.06000000e+00  1.25979419e-03  2.06000000e+00  1.25719845e-02 
 2.07000000e+00  1.32436684e-04  2.07000000e+00  1.27019979e-03  2.07000000e+00  1.26755950e-02 
 2.08000000e+00  1.33545884e-04  2.08000000e+00  1.28060858e-03  2.08000000e+00  1.27792353e-02 
 2.09000000e+00  1.34655816e-04  2.09000000e+00  1.29102044e-03  2.09000000e+00  1.28829040e-02 
 2.10000000e+00  1.35766467e-04  2.10000000e+00  1.30143523e-03  2.10000000e+00  1.29865998e-02 
 2.11000000e+00  1.36877821e-04  2.11000000e+00  1.31185282e-03  2.11000000e+00  1.30903214e-02 
 2.12000000e+00  1.37989865e-04  2.12000000e+00  1.32227309e-03  2.12000000e+00  1.31940676e-02 
 2.13000000e+00  1.39102585e-04  2.13000000e+00  1.33269592e-03  2.13000000e+00  1.32978371e-02 
 2.14000000e+00  1.40215967e-04  2.14000000e+00  1.34312117e-03  2.14000000e+00  1.34016289e-02 
 2.15000000e+00  1.41329997e-04  2.15000000e+00  1.35354873e-03  2.15000000e+00  1.35054416e-02 
 2.16000000e+00  1.42444662e-04  2.16000000e+00  1.36397849e-03  2.16000000e+00  1.36092741e-02 
 2.17000000e+00  1.43559951e-04  2.17000000e+00  1.37441033e-03  2.17000000e+00  1.37131253e-02 
 2.18000000e+00  1.44675848e-04  2.18000000e+00  1.38484413e-03  2.18000000e+00  1.38169941e-02 
 2.19000000e+00  1.45792343e-04  2.19000000e+00  1.39527979e-03  2.19000000e+00  1.39208794e-02 
 2.20000000e+00  1.46909423e-04  2.20000000e+00  1.40571719e-03  2.20000000e+00  1.40247801e-02 
 2.21000000e+00  1.48027076e-04  2.21000000e+00  1.41615623e-03  2.21000000e+00  1.41286951e-02 
 2.22000000e+00  1.49145290e-04  2.22000000e+00  1.42659681e-03  2.22000000e+00  1.42326235e-02 
 2.23000000e+00  1.50264053e-04  2.23000000e+00  1.43703882e-03  2.23000000e+00  1.43365641e-02 
 2.24000000e+00  1.51383354e-04  2.24000000e+00  1.44748216e-03  2.24000000e+00  1.44405161e-02 
 2.25000000e+00  1.52503181e-04  2.25000000e+00  1.45792673e-03  2.25000000e+00  1.45444784e-02 
 2.26000000e+00  1.53623524e-04  2.26000000e+00  1.46837244e-03  2.26000000e+00  1.46484501e-02 
 2.27000000e+00  1.54744371e-04  2.27000000e+00  1.47881918e-03  2.27000000e+00  1.47524302e-02 
 2.28000000e+00  1.55865712e-04  2.28000000e+00  1.48926686e-03  2.28000000e+00  1.48564178e-02 
 2.29000000e+00  1.56987536e-04  2.29000000e+00  1.49971540e-03  2.29000000e+00  1.49604120e-02 
 2.30000000e+00  1.58109833e-04  2.30000000e+00  1.51016470e-03  2.30000000e+00  1.50644119e-02 
 2.31000000e+00  1.59232592e-04  2.31000000e+00  1.52061466e-03  2.31000000e+00  1.51684166e-02 
 2.32000000e+00  1.60355804e-04  2.32000000e+00  1.53106521e-03  2.32000000e+00  1.52724252e-02 
 2.33000000e+00  1.61479458e-04  2.33000000e+00  1.54151626e-03  2.33000000e+00  1.53764369e-02 
 2.34000000e+00  1.62603545e-04  2.34000000e+00  1.55196772e-03  2.34000000e+00  1.54804509e-02 
 2.35000000e+00  1.63728055e-04  2.35000000e+00  1.56241950e-03  2.35000000e+00  1.55844664e-02 
 2.36000000e+00  1.64852980e-04  2.36000000e+00  1.57287154e-03  2.36000000e+00  1.56884824e-02 
 2.37000000e+00  1.65978308e-04  2.37000000e+00  1.58332374e-03  2.37000000e+00  1.57924984e-02 
 2.38000000e+00  1.67104032e-04  2.38000000e+00  1.59377602e-03  2.38000000e+00  1.58965133e-02 
 2.39000000e+00  1.68230143e-04  2.39000000e+00  1.60422832e-03  2.39000000e+00  1.60005266e-02 
 2.40000000e+00  1.69356631e-04  2.40000000e+00  1.61468055e-03  2.40000000e+00  1.61045375e-02 
 2.41000000e+00  1.70483488e-04  2.41000000e+00  1.62513263e-03  2.41000000e+00  1.62085451e-02 
 2.42000000e+00  1.71610705e-04  2.42000000e+00  1.63558450e-03  2.42000000e+00  1.63125488e-02 
 2.43000000e+00  1.72738274e-04  2.43000000e+00  1.64603608e-03  2.43000000e+00  1.64165479e-02 
 2.44000000e+00  1.73866187e-04  2.44000000e+00  1.65648730e-03  2.44000000e+00  1.65205416e-02 
 2.45000000e+00  1.74994435e-04  2.45000000e+00  1.66693808e-03  2.45000000e+00  1.66245293e-02 
 2.46000000e+00  1.76123010e-04  2.46000000e+00  1.67738837e-03  2.46000000e+00  1.67285103e-02 
 2.47000000e+00  1.77251904e-04  2.47000000e+00  1.68783808e-03  2.47000000e+00  1.68324839e-02 
 2.48000000e+00  1.78381110e-04  2.48000000e+00  1.69828716e-03  2.48000000e+00  1.69364495e-02 
 2.49000000e+00  1.79510620e-04  2.49000000e+00  1.70873554e-03  2.49000000e+00  1.70404063e-02 
 2.50000000e+00  1.80640426e-04  2.50000000e+00  1.71918314e-03  2.50000000e+00  1.71443539e-02 
 2.51000000e+00  1.81770520e-04  2.51000000e+00  1.72962992e-03  2.51000000e+00  1.72482914e-02 
 2.52000000e+00  1.82900896e-04  2.52000000e+00  1.74007581e-03  2.52000000e+00  1.73522184e-02 
 2.53000000e+00  1.84031546e-04  2.53000000e+00  1.75052073e-03  2.53000000e+00  1.74561342e-02 
 2.54000000e+00  1.85162464e-04  2.54000000e+00  1.76096464e-03  2.54000000e+00  1.75600382e-02 
 2.55000000e+00  1.86293640e-04  2.55000000e+00  1.77140747e-03  2.55000000e+00  1.76639299e-02 
 2.56000000e+00  1.87425070e-04  2.56000000e+00  1.78184917e-03  2.56000000e+00  1.77678085e-02 
 2.57000000e+00  1.88556746e-04  2.57000000e+00  1.79228967e-03  2.57000000e+00  1.78716737e-02 
 2.58000000e+00  1.89688662e-04  2.58000000e+00  1.80272892e-03  2.58000000e+00  1.79755248e-02 
 2.59000000e+00  1.90820810e-04  2.59000000e+00  1.81316686e-03  2.59000000e+00  1.80793612e-02 
 2.60000000e+00  1.91953184e-04  2.60000000e+00  1.82360344e-03  2.60000000e+00  1.81831824e-02 
 2.61000000e+00  1.93085779e-04  2.61000000e+00  1.83403860e-03  2.61000000e+00  1.82869879e-02 
 2.62000000e+00  1.94218586e-04  2.62000000e+00  1.84447228e-03  2.62000000e+00  1.83907772e-02 
 2.63000000e+00  1.95351600e-04  2.63000000e+00  1.85490444e-03  2.63000000e+00  1.84945497e-02 
 2.64000000e+00  1.96484816e-04  2.64000000e+00  1.86533503e-03  2.64000000e+00  1.85983048e-02 
 2.65000000e+00  1.97618226e-04  2.65000000e+00  1.87576398e-03  2.65000000e+00  1.87020422e-02 
 2.66000000e+00  1.98751825e-04  2.66000000e+00  1.88619125e-03  2.66000000e+00  1.88057613e-02 
 2.67000000e+00  1.99885607e-04  2.67000000e+00  1.89661679e-03  2.67000000e+00  1.89094617e-02 
 2.68000000e+00  2.01019565e-04  2.68000000e+00  1.90704056e-03  2.68000000e+00  1.90131427e-02 
 2.69000000e+00  2.02153695e-04  2.69000000e+00  1.91746249e-03  2.69000000e+00  1.91168040e-02 
 2.70000000e+00  2.03287991e-04  2.70000000e+00  1.92788255e-03  2.70000000e+00  1.92204451e-02 
 2.71000000e+00  2.04422446e-04  2.71000000e+00  1.93830068e-03  2.71000000e+00  1.93240656e-02 
 2.72000000e+00  2.05557056e-04  2.72000000e+00  1.94871684e-03  2.72000000e+00  1.94276649e-02 
 2.73000000e+00  2.06691814e-04  2.73000000e+00  1.95913099e-03  2.73000000e+00  1.95312426e-02 
 2.74000000e+00  2.07826716e-04  2.74000000e+00  1.96954308e-03  2.74000000e+00  1.96347983e-02 
 2.75000000e+00  2.08961756e-04  2.75000000e+00  1.97995306e-03  2.75000000e+00  1.97383315e-02 
 2.76000000e+00  2.10096929e-04  2.76000000e+00  1.99036089e-03  2.76000000e+00  1.98418419e-02 
 2.77000000e+00  2.11232230e-04  2.77000000e+00  2.00076653e-03  2.77000000e+00  1.99453289e-02 
 2.78000000e+00  2.12367654e-04  2.78000000e+00  2.01116994e-03  2.78000000e+00  2.00487922e-02 
 2.79000000e+00  2.13503195e-04  2.79000000e+00  2.02157106e-03  2.79000000e+00  2.01522314e-02 
 2.80000000e+00  2.14638849e-04  2.80000000e+00  2.03196987e-03  2.80000000e+00  2.02556460e-02 
 2.81000000e+00  2.15774610e-04  2.81000000e+00  2.04236631e-03  2.81000000e+00  2.03590356e-02 
 2.82000000e+00  2.16910474e-04  2.82000000e+00  2.05276036e-03  2.82000000e+00  2.04623999e-02 
 2.83000000e+00  2.18046436e-04  2.83000000e+00  2.06315196e-03  2.83000000e+00  2.05657385e-02 
 2.84000000e+00  2.19182492e-04  2.84000000e+00  2.07354109e-03  2.84000000e+00  2.06690509e-02 
 2.85000000e+00  2.20318636e-04  2.85000000e+00  2.08392769e-03  2.85000000e+00  2.07723369e-02 
 2.86000000e+00  2.21454864e-04  2.86000000e+00  2.09431174e-03  2.86000000e+00  2.08755959e-02 
 2.87000000e+00  2.22591172e-04  2.87000000e+00  2.10469319e-03  2.87000000e+00  2.09788278e-02 
 2.88000000e+00  2.23727555e-04  2.88000000e+00  2.11507202e-03  2.88000000e+00  2.10820320e-02 
 2.89000000e+00  2.24864008e-04  2.89000000e+00  2.12544817e-03  2.89000000e+00  2.11852082e-02 
 2.90000000e+00  2.26000528e-04  2.90000000e+00  2.13582161e-03  2.90000000e+00  2.12883561e-02 
 2.91000000e+00  2.27137109e-04  2.91000000e+00  2.14619232e-03  2.91000000e+00  2.13914753e-02 
 2.92000000e+00  2.28273748e-04  2.92000000e+00  2.15656025e-03  2.92000000e+00  2.14945655e-02 
 2.93000000e+00  2.29410441e-04  2.93000000e+00  2.16692537e-03  2.93000000e+00  2.15976264e-02 
 2.94000000e+00  2.30547182e-04  2.94000000e+00  2.17728764e-03  2.94000000e+00  2.17006575e-02 
 2.95000000e+00  2.31683969e-04  2.95000000e+00  2.18764703e-03  2.95000000e+00  2.18036586e-02 
 2.96000000e+00  2.32820797e-04  2.96000000e+00  2.19800350e-03  2.96000000e+00  2.19066293e-02 
 2.97000000e+00  2.33957662e-04  2.97000000e+00  2.20835704e-03  2.97000000e+00  2.20095694e-02 
 2.98000000e+00  2.35094559e-04  2.98000000e+00  2.21870759e-03  2.98000000e+00  2.21124784e-02 
 2.99000000e+00  2.36231486e-04  2.99000000e+00  2.22905512e-03  2.99000000e+00  2.22153562e-02 
 3.00000000e+00  2.37368438e-04  3.00000000e+00  2.23939962e-03  3.00000000e+00  2.23182022e-02 
 3.01000000e+00  2.38505412e-04  3.01000000e+00  2.24974104e-03  3.01000000e+00  2.24210164e-02 
 3.02000000e+00  2.39642403e-04  3.02000000e+00  2.26007935e-03  3.02000000e+00  2.25237983e-02 
 3.03000000e+00  2.40779408e-04  3.03000000e+00  2.27041453e-03  3.03000000e+00  2.26265476e-02 
 3.04000000e+00  2.41916424e-04  3.04000000e+00  2.28074653e-03  3.04000000e+00  2.27292641e-02 
 3.05000000e+00  2.43053446e-04  3.05000000e+00  2.29107534e-03  3.05000000e+00  2.28319475e-02 
 3.06000000e+00  2.44190471e-04  3.06000000e+00  2.30140093e-03  3.06000000e+00  2.29345974e-02 
 3.07000000e+00  2.45327495e-04  3.07000000e+00  2.31172325e-03  3.07000000e+00  2.30372137e-02 
 3.08000000e+00  2.46464515e-04  3.08000000e+00  2.32204229e-03  3.08000000e+00  2.31397959e-02 
 3.09000000e+00  2.47601527e-04  3.09000000e+00  2.33235802e-03  3.09000000e+00  2.32423438e-02 
 3.10000000e+00  2.48738529e-04  3.10000000e+00  2.34267040e-03  3.10000000e+00  2.33448572e-02 
 3.11000000e+00  2.49875516e-04  3.11000000e+00  2.35297941e-03  3.11000000e+00  2.34473358e-02 
 3.12000000e+00  2.51012485e-04  3.12000000e+00  2.36328502e-03  3.12000000e+00  2.35497793e-02 
 3.13000000e+00  2.52149432e-04  3.13000000e+00  2.37358721e-03  3.13000000e+00  2.36521874e-02 
 3.14000000e+00  2.53286356e-04  3.14000000e+00  2.38388594e-03  3.14000000e+00  2.37545599e-02 
 3.15000000e+00  2.54423252e-04  3.15000000e+00  2.39418120e-03  3.15000000e+00  2.38568965e-02 
 3.16000000e+00  2.55560116e-04  3.16000000e+00  2.40447295e-03  3.16000000e+00  2.39591970e-02 
 3.17000000e+00  2.56696947e-04  3.17000000e+00  2.41476117e-03  3.17000000e+00  2.40614610e-02 
 3.18000000e+00  2.57833740e-04  3.18000000e+00  2.42504583e-03  3.18000000e+00  2.41636885e-02 
 3.19000000e+00  2.58970493e-04  3.19000000e+00  2.43532691e-03  3.19000000e+00  2.42658790e-02 
 3.20000000e+00  2.60107203e-04  3.20000000e+00  2.44560438e-03  3.20000000e+00  2.43680324e-02 
 3.21000000e+00  2.61243865e-04  3.21000000e+00  2.45587821e-03  3.21000000e+00  2.44701484e-02 
 3.22000000e+00  2.62380479e-04  3.22000000e+00  2.46614839e-03  3.22000000e+00  2.45722268e-02 
 3.23000000e+00  2.63517040e-04  3.23000000e+00  2.47641489e-03  3.23000000e+00  2.46742673e-02 
 3.24000000e+00  2.64653545e-04  3.24000000e+00  2.48667768e-03  3.24000000e+00  2.47762698e-02 
 3.25000000e+00  2.65789992e-04  3.25000000e+00  2.49693674e-03  3.25000000e+00  2.48782339e-02 
 3.26000000e+00  2.66926378e-04  3.26000000e+00  2.50719205e-03  3.26000000e+00  2.49801594e-02 
 3.27000000e+00  2.68062700e-04  3.27000000e+00  2.51744358e-03  3.27000000e+00  2.50820462e-02 
 3.28000000e+00  2.69198954e-04  3.28000000e+00  2.52769131e-03  3.28000000e+00  2.51838940e-02 
 3.29000000e+00  2.70335139e-04  3.29000000e+00  2.53793522e-03  3.29000000e+00  2.52857025e-02 
 3.30000000e+00  2.71471252e-04  3.30000000e+00  2.54817528e-03  3.30000000e+00  2.53874716e-02 
