 0.00000000e+00  1.34987561e-13  0.00000000e+00  3.40712971e-13  0.00000000e+00  2.54766566e-12 
 1.00000000e-02  1.42024845e-13  1.00000000e-02  4.05199382e-13  1.00000000e-02  3.22841430e-12 
 2.00000000e-02  1.53832917e-13  2.00000000e-02  5.13412031e-13  2.00000000e-02  4.37073976e-12 
 3.00000000e-02  1.68012118e-13  3.00000000e-02  6.43359408e-13  3.00000000e-02  5.74249364e-12 
 4.00000000e-02  1.86750901e-13  4.00000000e-02  8.15102302e-13  4.00000000e-02  7.55543333e-12 
 5.00000000e-02  2.11513911e-13  5.00000000e-02  1.04206945e-12  5.00000000e-02  9.95130388e-12 
 6.00000000e-02  2.44235698e-13  6.00000000e-02  1.34199909e-12  6.00000000e-02  1.31173363e-11 
 7.00000000e-02  2.87471269e-13  7.00000000e-02  1.73832005e-12  7.00000000e-02  1.73008236e-11 
 8.00000000e-02  3.44594768e-13  8.00000000e-02  2.26197462e-12  8.00000000e-02  2.28283592e-11 
 9.00000000e-02  4.20061670e-13  9.00000000e-02  2.95382429e-12  9.00000000e-02  3.01312263e-11 
 1.00000000e-01  5.19754712e-13  1.00000000e-01  3.86782425e-12  1.00000000e-01  3.97788989e-11 
 1.10000000e-01  6.51440235e-13  1.10000000e-01  5.07521150e-12  1.10000000e-01  5.25232391e-11 
 1.20000000e-01  8.25370061e-13  1.20000000e-01  6.67002938e-12  1.20000000e-01  6.93567957e-11 
 1.30000000e-01  1.05507515e-12  1.30000000e-01  8.77641341e-12  1.30000000e-01  9.15896852e-11 
 1.40000000e-01  1.35841190e-12  1.40000000e-01  1.15581978e-11  1.40000000e-01  1.20950957e-10 
 1.50000000e-01  1.75894113e-12  1.50000000e-01  1.52315785e-11  1.50000000e-01  1.59722207e-10 
 1.60000000e-01  2.28774499e-12  1.60000000e-01  2.00818013e-11  1.60000000e-01  2.10913638e-10 
 1.70000000e-01  2.98582007e-12  1.70000000e-01  2.64851453e-11  1.70000000e-01  2.78495995e-10 
 1.80000000e-01  3.90722825e-12  1.80000000e-01  3.49378746e-11  1.80000000e-01  3.67705969e-10 
 1.90000000e-01  5.12324328e-12  1.90000000e-01  4.60943485e-11  1.90000000e-01  4.85448192e-10 
 2.00000000e-01  6.72780533e-12  2.00000000e-01  6.08171647e-11  2.00000000e-01  6.40824103e-10 
 2.10000000e-01  8.84469170e-12  2.10000000e-01  8.02431010e-11  2.10000000e-01  8.45827357e-10 
 2.20000000e-01  1.16369380e-11  2.20000000e-01  1.05869777e-10  2.20000000e-01  1.11625763e-09 
 2.30000000e-01  1.53192067e-11  2.30000000e-01  1.39669473e-10  2.30000000e-01  1.47292055e-09 
 2.40000000e-01  2.01740114e-11  2.40000000e-01  1.84238484e-10  2.40000000e-01  1.94320209e-09 
 2.50000000e-01  2.65729798e-11  2.50000000e-01  2.42992949e-10  2.50000000e-01  2.56313226e-09 
 2.60000000e-01  3.50046871e-11  2.60000000e-01  3.20425314e-10  2.60000000e-01  3.38008729e-09 
 2.70000000e-01  4.61110472e-11  2.70000000e-01  4.22439835e-10  2.70000000e-01  4.45632347e-09 
 2.80000000e-01  6.07348245e-11  2.80000000e-01  5.56790851e-10  2.80000000e-01  5.87359209e-09 
 2.90000000e-01  7.99815616e-11  2.90000000e-01  7.33654425e-10  2.90000000e-01  7.73915628e-09 
 3.00000000e-01  1.05300149e-10  3.00000000e-01  9.66372569e-10  3.00000000e-01  1.01936211e-08 
 3.10000000e-01  1.38587422e-10  3.10000000e-01  1.27242019e-09  3.10000000e-01  1.34211019e-08 
 3.20000000e-01  1.82323631e-10  3.20000000e-01  1.67465840e-09  3.20000000e-01  1.76623958e-08 
 3.30000000e-01  2.39747398e-10  3.30000000e-01  2.20295472e-09  3.30000000e-01  2.32319981e-08 
 3.40000000e-01  3.15080989e-10  3.40000000e-01  2.89627101e-09  3.40000000e-01  3.05400139e-08 
 3.50000000e-01  4.13819330e-10  3.50000000e-01  3.80534499e-09  3.50000000e-01  4.01202736e-08 
 3.60000000e-01  5.43099368e-10  3.60000000e-01  4.99612038e-09  3.60000000e-01  5.26662612e-08 
 3.70000000e-01  7.12169995e-10  3.70000000e-01  6.55411536e-09  3.70000000e-01  6.90768171e-08 
 3.80000000e-01  9.32987023e-10  3.80000000e-01  8.58995838e-09  3.80000000e-01  9.05139765e-08 
 3.90000000e-01  1.22096241e-09  3.90000000e-01  1.12463644e-08  3.90000000e-01  1.18475747e-07 
 4.00000000e-01  1.59590216e-09  4.00000000e-01  1.47068726e-08  4.00000000e-01  1.54887110e-07 
 4.10000000e-01  2.08317303e-09  4.10000000e-01  1.92067181e-08  4.10000000e-01  2.02213025e-07 
 4.20000000e-01  2.71514394e-09  4.20000000e-01  2.50462590e-08  4.20000000e-01  2.63597704e-07 
 4.30000000e-01  3.53295437e-09  4.30000000e-01  3.26074333e-08  4.30000000e-01  3.43034917e-07 
 4.40000000e-01  4.58866797e-09  4.40000000e-01  4.23737641e-08  4.40000000e-01  4.45574478e-07 
 4.50000000e-01  5.94787581e-09  4.50000000e-01  5.49544718e-08  4.50000000e-01  5.77570436e-07 
 4.60000000e-01  7.69281948e-09  4.60000000e-01  7.11132843e-08  4.60000000e-01  7.46976723e-07 
 4.70000000e-01  9.92610856e-09  4.70000000e-01  9.18025514e-08  4.70000000e-01  9.63696091e-07 
 4.80000000e-01  1.27751080e-08  4.80000000e-01  1.18203262e-07  4.80000000e-01  1.23998795e-06 
 4.90000000e-01  1.63970635e-08  4.90000000e-01  1.51771499e-07  4.90000000e-01  1.59093990e-06 
 5.00000000e-01  2.09850108e-08  5.00000000e-01  1.94291694e-07  5.00000000e-01  2.03500571e-06 
 5.10000000e-01  2.67744586e-08  5.10000000e-01  2.47936698e-07  5.10000000e-01  2.59460856e-06 
 5.20000000e-01  3.40507365e-08  5.20000000e-01  3.15333957e-07  5.20000000e-01  3.29680056e-06 
 5.30000000e-01  4.31567264e-08  5.30000000e-01  3.99635926e-07  5.30000000e-01  4.17395718e-06 
 5.40000000e-01  5.45004446e-08  5.40000000e-01  5.04591032e-07  5.40000000e-01  5.26446632e-06 
 5.50000000e-01  6.85616163e-08  5.50000000e-01  6.34609008e-07  5.50000000e-01  6.61334706e-06 
 5.60000000e-01  8.58960199e-08  5.60000000e-01  7.94811537e-07  5.60000000e-01  8.27270469e-06 
 5.70000000e-01  1.07136067e-07  5.70000000e-01  9.91056323e-07  5.70000000e-01  1.03019032e-05 
 5.80000000e-01  1.32985942e-07  5.80000000e-01  1.22992082e-06  5.80000000e-01  1.27673215e-05 
 5.90000000e-01  1.64209773e-07  5.90000000e-01  1.51863200e-06  5.90000000e-01  1.57415649e-05 
 6.00000000e-01  2.01611846e-07  6.00000000e-01  1.86493129e-06  6.00000000e-01  1.93020383e-05 
 6.10000000e-01  2.46008794e-07  6.10000000e-01  2.27686988e-06  6.10000000e-01  2.35288451e-05 
 6.20000000e-01  2.98194873e-07  6.20000000e-01  2.76253774e-06  6.20000000e-01  2.85020629e-05 
 6.30000000e-01  3.58902742e-07  6.30000000e-01  3.32973946e-06  6.30000000e-01  3.42985332e-05 
 6.40000000e-01  4.28763227e-07  6.40000000e-01  3.98563912e-06  6.40000000e-01  4.09883897e-05 
 6.50000000e-01  5.08268291e-07  6.50000000e-01  4.73640372e-06  6.50000000e-01  4.86316112e-05 
 6.60000000e-01  5.97741519e-07  6.60000000e-01  5.58687852e-06  6.60000000e-01  5.72749182e-05 
 6.70000000e-01  6.97319809e-07  6.70000000e-01  6.54032778e-06  6.70000000e-01  6.69493261e-05 
 6.80000000e-01  8.06948608e-07  6.80000000e-01  7.59826923e-06  6.80000000e-01  7.76686182e-05 
 6.90000000e-01  9.26391132e-07  6.90000000e-01  8.76042091e-06  6.90000000e-01  8.94289065e-05 
 7.00000000e-01  1.05524985e-06  7.00000000e-01  1.00247652e-05  7.00000000e-01  1.02209318e-04 
 7.10000000e-01  1.19299686e-06  7.10000000e-01  1.13877193e-05  7.10000000e-01  1.15973693e-04 
 7.20000000e-01  1.33900869e-06  7.20000000e-01  1.28443868e-05  7.20000000e-01  1.30673063e-04 
 7.30000000e-01  1.49260137e-06  7.30000000e-01  1.43888582e-05  7.30000000e-01  1.46248568e-04 
 7.40000000e-01  1.65306220e-06  7.40000000e-01  1.60145231e-05  7.40000000e-01  1.62634508e-04 
 7.50000000e-01  1.81967622e-06  7.50000000e-01  1.77143662e-05  7.50000000e-01  1.79761214e-04 
 7.60000000e-01  1.99174660e-06  7.60000000e-01  1.94812251e-05  7.60000000e-01  1.97557553e-04 
 7.70000000e-01  2.16860903e-06  7.70000000e-01  2.13079986e-05  7.70000000e-01  2.15952972e-04 
 7.80000000e-01  2.34964096e-06  7.80000000e-01  2.31878055e-05  7.80000000e-01  2.34879040e-04 
 7.90000000e-01  2.53426671e-06  7.90000000e-01  2.51140951e-05  7.90000000e-01  2.54270551e-04 
 8.00000000e-01  2.72195950e-06  8.00000000e-01  2.70807192e-05  8.00000000e-01  2.74066230e-04 
 8.10000000e-01  2.91224116e-06  8.10000000e-01  2.90819716e-05  8.10000000e-01  2.94209139e-04 
 8.20000000e-01  3.10468054e-06  8.20000000e-01  3.11126040e-05  8.20000000e-01  3.14646842e-04 
 8.30000000e-01  3.29889082e-06  8.30000000e-01  3.31678245e-05  8.30000000e-01  3.35331402e-04 
 8.40000000e-01  3.49452642e-06  8.40000000e-01  3.52432837e-05  8.40000000e-01  3.56219260e-04 
 8.50000000e-01  3.69127962e-06  8.50000000e-01  3.73350541e-05  8.50000000e-01  3.77271031e-04 
 8.60000000e-01  3.88887720e-06  8.60000000e-01  3.94396033e-05  8.60000000e-01  3.98451255e-04 
 8.70000000e-01  4.08707706e-06  8.70000000e-01  4.15537657e-05  8.70000000e-01  4.19728121e-04 
 8.80000000e-01  4.28566514e-06  8.80000000e-01  4.36747132e-05  8.80000000e-01  4.41073180e-04 
 8.90000000e-01  4.48445246e-06  8.90000000e-01  4.57999258e-05  8.90000000e-01  4.62461057e-04 
 9.00000000e-01  4.68327240e-06  9.00000000e-01  4.79271633e-05  9.00000000e-01  4.83869177e-04 
 9.10000000e-01  4.88197825e-06  9.10000000e-01  5.00544384e-05  9.10000000e-01  5.05277496e-04 
 9.20000000e-01  5.08044097e-06  9.20000000e-01  5.21799916e-05  9.20000000e-01  5.26668254e-04 
 9.30000000e-01  5.27854722e-06  9.30000000e-01  5.43022680e-05  9.30000000e-01  5.48025744e-04 
 9.40000000e-01  5.47619752e-06  9.40000000e-01  5.64198958e-05  9.40000000e-01  5.69336103e-04 
 9.50000000e-01  5.67330466e-06  9.50000000e-01  5.85316670e-05  9.50000000e-01  5.90587111e-04 
 9.60000000e-01  5.86979231e-06  9.60000000e-01  6.06365196e-05  9.60000000e-01  6.11768021e-04 
 9.70000000e-01  6.06559372e-06  9.70000000e-01  6.27335215e-05  9.70000000e-01  6.32869397e-04 
 9.80000000e-01  6.26065063e-06  9.80000000e-01  6.48218566e-05  9.80000000e-01  6.53882971e-04 
 9.90000000e-01  6.45491228e-06  9.90000000e-01  6.69008116e-05  9.90000000e-01  6.74801516e-04 
 1.00000000e+00  6.64833454e-06  1.00000000e+00  6.89697648e-05  1.00000000e+00  6.95618726e-04 
 1.01000000e+00  6.84087914e-06  1.01000000e+00  7.10281755e-05  1.01000000e+00  7.16329119e-04 
 1.02000000e+00  7.03251299e-06  1.02000000e+00  7.30755755e-05  1.02000000e+00  7.36927943e-04 
 1.03000000e+00  7.22320761e-06  1.03000000e+00  7.51115602e-05  1.03000000e+00  7.57411092e-04 
 1.04000000e+00  7.41293857e-06  1.04000000e+00  7.71357821e-05  1.04000000e+00  7.77775039e-04 
 1.05000000e+00  7.60168505e-06  1.05000000e+00  7.91479441e-05  1.05000000e+00  7.98016766e-04 
 1.06000000e+00  7.78942942e-06  1.06000000e+00  8.11477939e-05  1.06000000e+00  8.18133708e-04 
 1.07000000e+00  7.97615689e-06  1.07000000e+00  8.31351189e-05  1.07000000e+00  8.38123704e-04 
 1.08000000e+00  8.16185519e-06  1.08000000e+00  8.51097417e-05  1.08000000e+00  8.57984954e-04 
 1.09000000e+00  8.34651427e-06  1.09000000e+00  8.70715165e-05  1.09000000e+00  8.77715970e-04 
 1.10000000e+00  8.53012608e-06  1.10000000e+00  8.90203252e-05  1.10000000e+00  8.97315551e-04 
 1.11000000e+00  8.71268432e-06  1.11000000e+00  9.09560741e-05  1.11000000e+00  9.16782746e-04 
 1.12000000e+00  8.89418427e-06  1.12000000e+00  9.28786920e-05  1.12000000e+00  9.36116824e-04 
 1.13000000e+00  9.07462260e-06  1.13000000e+00  9.47881268e-05  1.13000000e+00  9.55317256e-04 
 1.14000000e+00  9.25399723e-06  1.14000000e+00  9.66843439e-05  1.14000000e+00  9.74383686e-04 
 1.15000000e+00  9.43230717e-06  1.15000000e+00  9.85673238e-05  1.15000000e+00  9.93315914e-04 
 1.16000000e+00  9.60955243e-06  1.16000000e+00  1.00437061e-04  1.16000000e+00  1.01211388e-03 
 1.17000000e+00  9.78573387e-06  1.17000000e+00  1.02293562e-04  1.17000000e+00  1.03077765e-03 
 1.18000000e+00  9.96085315e-06  1.18000000e+00  1.04136844e-04  1.18000000e+00  1.04930739e-03 
 1.19000000e+00  1.01349126e-05  1.19000000e+00  1.05966933e-04  1.19000000e+00  1.06770336e-03 
 1.20000000e+00  1.03079152e-05  1.20000000e+00  1.07783865e-04  1.20000000e+00  1.08596593e-03 
 1.21000000e+00  1.04798644e-05  1.21000000e+00  1.09587683e-04  1.21000000e+00  1.10409553e-03 
 1.22000000e+00  1.06507643e-05  1.22000000e+00  1.11378434e-04  1.22000000e+00  1.12209264e-03 
 1.23000000e+00  1.08206191e-05  1.23000000e+00  1.13156176e-04  1.23000000e+00  1.13995783e-03 
 1.24000000e+00  1.09894338e-05  1.24000000e+00  1.14920967e-04  1.24000000e+00  1.15769171e-03 
 1.25000000e+00  1.11572134e-05  1.25000000e+00  1.16672873e-04  1.25000000e+00  1.17529492e-03 
 1.26000000e+00  1.13239633e-05  1.26000000e+00  1.18411962e-04  1.26000000e+00  1.19276816e-03 
 1.27000000e+00  1.14896891e-05  1.27000000e+00  1.20138306e-04  1.27000000e+00  1.21011216e-03 
 1.28000000e+00  1.16543969e-05  1.28000000e+00  1.21851980e-04  1.28000000e+00  1.22732768e-03 
 1.29000000e+00  1.18180927e-05  1.29000000e+00  1.23553063e-04  1.29000000e+00  1.24441551e-03 
 1.30000000e+00  1.19807827e-05  1.30000000e+00  1.25241634e-04  1.30000000e+00  1.26137647e-03 
 1.31000000e+00  1.21424733e-05  1.31000000e+00  1.26917775e-04  1.31000000e+00  1.27821137e-03 
 1.32000000e+00  1.23031710e-05  1.32000000e+00  1.28581570e-04  1.32000000e+00  1.29492106e-03 
 1.33000000e+00  1.24628826e-05  1.33000000e+00  1.30233105e-04  1.33000000e+00  1.31150642e-03 
 1.34000000e+00  1.26216147e-05  1.34000000e+00  1.31872465e-04  1.34000000e+00  1.32796831e-03 
 1.35000000e+00  1.27793741e-05  1.35000000e+00  1.33499738e-04  1.35000000e+00  1.34430761e-03 
 1.36000000e+00  1.29361678e-05  1.36000000e+00  1.35115013e-04  1.36000000e+00  1.36052522e-03 
 1.37000000e+00  1.30920025e-05  1.37000000e+00  1.36718377e-04  1.37000000e+00  1.37662205e-03 
 1.38000000e+00  1.32468852e-05  1.38000000e+00  1.38309920e-04  1.38000000e+00  1.39259898e-03 
 1.39000000e+00  1.34008230e-05  1.39000000e+00  1.39889732e-04  1.39000000e+00  1.40845693e-03 
 1.40000000e+00  1.35538228e-05  1.40000000e+00  1.41457903e-04  1.40000000e+00  1.42419682e-03 
 1.41000000e+00  1.37058916e-05  1.41000000e+00  1.43014522e-04  1.41000000e+00  1.43981954e-03 
 1.42000000e+00  1.38570364e-05  1.42000000e+00  1.44559680e-04  1.42000000e+00  1.45532602e-03 
 1.43000000e+00  1.40072642e-05  1.43000000e+00  1.46093467e-04  1.43000000e+00  1.47071717e-03 
 1.44000000e+00  1.41565821e-05  1.44000000e+00  1.47615972e-04  1.44000000e+00  1.48599389e-03 
 1.45000000e+00  1.43049969e-05  1.45000000e+00  1.49127286e-04  1.45000000e+00  1.50115709e-03 
 1.46000000e+00  1.44525157e-05  1.46000000e+00  1.50627498e-04  1.46000000e+00  1.51620769e-03 
 1.47000000e+00  1.45991455e-05  1.47000000e+00  1.52116696e-04  1.47000000e+00  1.53114658e-03 
 1.48000000e+00  1.47448930e-05  1.48000000e+00  1.53594971e-04  1.48000000e+00  1.54597467e-03 
 1.49000000e+00  1.48897651e-05  1.49000000e+00  1.55062409e-04  1.49000000e+00  1.56069285e-03 
 1.50000000e+00  1.50337689e-05  1.50000000e+00  1.56519100e-04  1.50000000e+00  1.57530200e-03 
 1.51000000e+00  1.51769109e-05  1.51000000e+00  1.57965130e-04  1.51000000e+00  1.58980303e-03 
 1.52000000e+00  1.53191981e-05  1.52000000e+00  1.59400586e-04  1.52000000e+00  1.60419680e-03 
 1.53000000e+00  1.54606370e-05  1.53000000e+00  1.60825556e-04  1.53000000e+00  1.61848420e-03 
 1.54000000e+00  1.56012345e-05  1.54000000e+00  1.62240124e-04  1.54000000e+00  1.63266610e-03 
 1.55000000e+00  1.57409972e-05  1.55000000e+00  1.63644377e-04  1.55000000e+00  1.64674336e-03 
 1.56000000e+00  1.58799316e-05  1.56000000e+00  1.65038399e-04  1.56000000e+00  1.66071684e-03 
 1.57000000e+00  1.60180444e-05  1.57000000e+00  1.66422274e-04  1.57000000e+00  1.67458739e-03 
 1.58000000e+00  1.61553419e-05  1.58000000e+00  1.67796085e-04  1.58000000e+00  1.68835587e-03 
 1.59000000e+00  1.62918307e-05  1.59000000e+00  1.69159917e-04  1.59000000e+00  1.70202311e-03 
 1.60000000e+00  1.64275172e-05  1.60000000e+00  1.70513850e-04  1.60000000e+00  1.71558994e-03 
 1.61000000e+00  1.65624077e-05  1.61000000e+00  1.71857966e-04  1.61000000e+00  1.72905719e-03 
 1.62000000e+00  1.66965086e-05  1.62000000e+00  1.73192347e-04  1.62000000e+00  1.74242570e-03 
 1.63000000e+00  1.68298260e-05  1.63000000e+00  1.74517073e-04  1.63000000e+00  1.75569625e-03 
 1.64000000e+00  1.69623662e-05  1.64000000e+00  1.75832223e-04  1.64000000e+00  1.76886968e-03 
 1.65000000e+00  1.70941353e-05  1.65000000e+00  1.77137876e-04  1.65000000e+00  1.78194678e-03 
 1.66000000e+00  1.72251395e-05  1.66000000e+00  1.78434111e-04  1.66000000e+00  1.79492833e-03 
 1.67000000e+00  1.73553847e-05  1.67000000e+00  1.79721006e-04  1.67000000e+00  1.80781514e-03 
 1.68000000e+00  1.74848770e-05  1.68000000e+00  1.80998636e-04  1.68000000e+00  1.82060797e-03 
 1.69000000e+00  1.76136223e-05  1.69000000e+00  1.82267079e-04  1.69000000e+00  1.83330761e-03 
 1.70000000e+00  1.77416264e-05  1.70000000e+00  1.83526410e-04  1.70000000e+00  1.84591482e-03 
 1.71000000e+00  1.78688953e-05  1.71000000e+00  1.84776704e-04  1.71000000e+00  1.85843036e-03 
 1.72000000e+00  1.79954347e-05  1.72000000e+00  1.86018035e-04  1.72000000e+00  1.87085499e-03 
 1.73000000e+00  1.81212503e-05  1.73000000e+00  1.87250476e-04  1.73000000e+00  1.88318945e-03 
 1.74000000e+00  1.82463478e-05  1.74000000e+00  1.88474102e-04  1.74000000e+00  1.89543448e-03 
 1.75000000e+00  1.83707329e-05  1.75000000e+00  1.89688984e-04  1.75000000e+00  1.90759081e-03 
 1.76000000e+00  1.84944110e-05  1.76000000e+00  1.90895193e-04  1.76000000e+00  1.91965918e-03 
 1.77000000e+00  1.86173878e-05  1.77000000e+00  1.92092800e-04  1.77000000e+00  1.93164030e-03 
 1.78000000e+00  1.87396687e-05  1.78000000e+00  1.93281877e-04  1.78000000e+00  1.94353488e-03 
 1.79000000e+00  1.88612591e-05  1.79000000e+00  1.94462492e-04  1.79000000e+00  1.95534364e-03 
 1.80000000e+00  1.89821644e-05  1.80000000e+00  1.95634714e-04  1.80000000e+00  1.96706727e-03 
 1.81000000e+00  1.91023899e-05  1.81000000e+00  1.96798612e-04  1.81000000e+00  1.97870647e-03 
 1.82000000e+00  1.92219409e-05  1.82000000e+00  1.97954253e-04  1.82000000e+00  1.99026192e-03 
 1.83000000e+00  1.93408226e-05  1.83000000e+00  1.99101705e-04  1.83000000e+00  2.00173430e-03 
 1.84000000e+00  1.94590401e-05  1.84000000e+00  2.00241034e-04  1.84000000e+00  2.01312429e-03 
 1.85000000e+00  1.95765987e-05  1.85000000e+00  2.01372305e-04  1.85000000e+00  2.02443257e-03 
 1.86000000e+00  1.96935034e-05  1.86000000e+00  2.02495585e-04  1.86000000e+00  2.03565978e-03 
 1.87000000e+00  1.98097591e-05  1.87000000e+00  2.03610937e-04  1.87000000e+00  2.04680659e-03 
 1.88000000e+00  1.99253710e-05  1.88000000e+00  2.04718425e-04  1.88000000e+00  2.05787364e-03 
 1.89000000e+00  2.00403438e-05  1.89000000e+00  2.05818113e-04  1.89000000e+00  2.06886159e-03 
 1.90000000e+00  2.01546826e-05  1.90000000e+00  2.06910064e-04  1.90000000e+00  2.07977106e-03 
 1.91000000e+00  2.02683921e-05  1.91000000e+00  2.07994340e-04  1.91000000e+00  2.09060269e-03 
 1.92000000e+00  2.03814772e-05  1.92000000e+00  2.09071002e-04  1.92000000e+00  2.10135711e-03 
 1.93000000e+00  2.04939425e-05  1.93000000e+00  2.10140112e-04  1.93000000e+00  2.11203493e-03 
 1.94000000e+00  2.06057929e-05  1.94000000e+00  2.11201729e-04  1.94000000e+00  2.12263676e-03 
 1.95000000e+00  2.07170329e-05  1.95000000e+00  2.12255914e-04  1.95000000e+00  2.13316323e-03 
 1.96000000e+00  2.08276672e-05  1.96000000e+00  2.13302726e-04  1.96000000e+00  2.14361492e-03 
 1.97000000e+00  2.09377003e-05  1.97000000e+00  2.14342224e-04  1.97000000e+00  2.15399244e-03 
 1.98000000e+00  2.10471368e-05  1.98000000e+00  2.15374466e-04  1.98000000e+00  2.16429638e-03 
 1.99000000e+00  2.11559812e-05  1.99000000e+00  2.16399509e-04  1.99000000e+00  2.17452732e-03 
 2.00000000e+00  2.12642378e-05  2.00000000e+00  2.17417411e-04  2.00000000e+00  2.18468584e-03 
 2.01000000e+00  2.13719112e-05  2.01000000e+00  2.18428228e-04  2.01000000e+00  2.19477252e-03 
 2.02000000e+00  2.14790056e-05  2.02000000e+00  2.19432016e-04  2.02000000e+00  2.20478793e-03 
 2.03000000e+00  2.15855255e-05  2.03000000e+00  2.20428830e-04  2.03000000e+00  2.21473263e-03 
 2.04000000e+00  2.16914749e-05  2.04000000e+00  2.21418726e-04  2.04000000e+00  2.22460717e-03 
 2.05000000e+00  2.17968583e-05  2.05000000e+00  2.22401759e-04  2.05000000e+00  2.23441212e-03 
 2.06000000e+00  2.19016798e-05  2.06000000e+00  2.23377981e-04  2.06000000e+00  2.24414802e-03 
 2.07000000e+00  2.20059435e-05  2.07000000e+00  2.24347446e-04  2.07000000e+00  2.25381541e-03 
 2.08000000e+00  2.21096536e-05  2.08000000e+00  2.25310207e-04  2.08000000e+00  2.26341483e-03 
 2.09000000e+00  2.22128142e-05  2.09000000e+00  2.26266317e-04  2.09000000e+00  2.27294682e-03 
 2.10000000e+00  2.23154292e-05  2.10000000e+00  2.27215828e-04  2.10000000e+00  2.28241190e-03 
 2.11000000e+00  2.24175028e-05  2.11000000e+00  2.28158790e-04  2.11000000e+00  2.29181060e-03 
 2.12000000e+00  2.25190388e-05  2.12000000e+00  2.29095256e-04  2.12000000e+00  2.30114342e-03 
 2.13000000e+00  2.26200413e-05  2.13000000e+00  2.30025275e-04  2.13000000e+00  2.31041090e-03 
 2.14000000e+00  2.27205140e-05  2.14000000e+00  2.30948897e-04  2.14000000e+00  2.31961352e-03 
 2.15000000e+00  2.28204608e-05  2.15000000e+00  2.31866172e-04  2.15000000e+00  2.32875181e-03 
 2.16000000e+00  2.29198857e-05  2.16000000e+00  2.32777149e-04  2.16000000e+00  2.33782625e-03 
 2.17000000e+00  2.30187922e-05  2.17000000e+00  2.33681876e-04  2.17000000e+00  2.34683734e-03 
 2.18000000e+00  2.31171843e-05  2.18000000e+00  2.34580402e-04  2.18000000e+00  2.35578558e-03 
 2.19000000e+00  2.32150656e-05  2.19000000e+00  2.35472775e-04  2.19000000e+00  2.36467144e-03 
 2.20000000e+00  2.33124398e-05  2.20000000e+00  2.36359041e-04  2.20000000e+00  2.37349541e-03 
 2.21000000e+00  2.34093106e-05  2.21000000e+00  2.37239247e-04  2.21000000e+00  2.38225796e-03 
 2.22000000e+00  2.35056815e-05  2.22000000e+00  2.38113441e-04  2.22000000e+00  2.39095956e-03 
 2.23000000e+00  2.36015561e-05  2.23000000e+00  2.38981667e-04  2.23000000e+00  2.39960069e-03 
 2.24000000e+00  2.36969381e-05  2.24000000e+00  2.39843972e-04  2.24000000e+00  2.40818180e-03 
 2.25000000e+00  2.37918308e-05  2.25000000e+00  2.40700400e-04  2.25000000e+00  2.41670336e-03 
 2.26000000e+00  2.38862378e-05  2.26000000e+00  2.41550996e-04  2.26000000e+00  2.42516581e-03 
 2.27000000e+00  2.39801625e-05  2.27000000e+00  2.42395804e-04  2.27000000e+00  2.43356962e-03 
 2.28000000e+00  2.40736084e-05  2.28000000e+00  2.43234869e-04  2.28000000e+00  2.44191522e-03 
 2.29000000e+00  2.41665788e-05  2.29000000e+00  2.44068234e-04  2.29000000e+00  2.45020306e-03 
 2.30000000e+00  2.42590771e-05  2.30000000e+00  2.44895941e-04  2.30000000e+00  2.45843357e-03 
 2.31000000e+00  2.43511066e-05  2.31000000e+00  2.45718034e-04  2.31000000e+00  2.46660720e-03 
 2.32000000e+00  2.44426706e-05  2.32000000e+00  2.46534554e-04  2.32000000e+00  2.47472436e-03 
 2.33000000e+00  2.45337724e-05  2.33000000e+00  2.47345544e-04  2.33000000e+00  2.48278550e-03 
 2.34000000e+00  2.46244152e-05  2.34000000e+00  2.48151046e-04  2.34000000e+00  2.49079102e-03 
 2.35000000e+00  2.47146022e-05  2.35000000e+00  2.48951099e-04  2.35000000e+00  2.49874135e-03 
 2.36000000e+00  2.48043366e-05  2.36000000e+00  2.49745746e-04  2.36000000e+00  2.50663690e-03 
 2.37000000e+00  2.48936215e-05  2.37000000e+00  2.50535026e-04  2.37000000e+00  2.51447808e-03 
 2.38000000e+00  2.49824601e-05  2.38000000e+00  2.51318980e-04  2.38000000e+00  2.52226531e-03 
 2.39000000e+00  2.50708555e-05  2.39000000e+00  2.52097647e-04  2.39000000e+00  2.52999898e-03 
 2.40000000e+00  2.51588106e-05  2.40000000e+00  2.52871066e-04  2.40000000e+00  2.53767949e-03 
 2.41000000e+00  2.52463286e-05  2.41000000e+00  2.53639276e-04  2.41000000e+00  2.54530724e-03 
 2.42000000e+00  2.53334125e-05  2.42000000e+00  2.54402317e-04  2.42000000e+00  2.55288263e-03 
 2.43000000e+00  2.54200652e-05  2.43000000e+00  2.55160225e-04  2.43000000e+00  2.56040604e-03 
 2.44000000e+00  2.55062897e-05  2.44000000e+00  2.55913040e-04  2.44000000e+00  2.56787786e-03 
 2.45000000e+00  2.55920890e-05  2.45000000e+00  2.56660799e-04  2.45000000e+00  2.57529847e-03 
 2.46000000e+00  2.56774658e-05  2.46000000e+00  2.57403538e-04  2.46000000e+00  2.58266824e-03 
 2.47000000e+00  2.57624232e-05  2.47000000e+00  2.58141295e-04  2.47000000e+00  2.58998757e-03 
 2.48000000e+00  2.58469639e-05  2.48000000e+00  2.58874106e-04  2.48000000e+00  2.59725681e-03 
 2.49000000e+00  2.59310909e-05  2.49000000e+00  2.59602008e-04  2.49000000e+00  2.60447633e-03 
 2.50000000e+00  2.60148068e-05  2.50000000e+00  2.60325037e-04  2.50000000e+00  2.61164651e-03 
 2.51000000e+00  2.60981144e-05  2.51000000e+00  2.61043227e-04  2.51000000e+00  2.61876770e-03 
 2.52000000e+00  2.61810166e-05  2.52000000e+00  2.61756615e-04  2.52000000e+00  2.62584026e-03 
 2.53000000e+00  2.62635161e-05  2.53000000e+00  2.62465235e-04  2.53000000e+00  2.63286456e-03 
 2.54000000e+00  2.63456155e-05  2.54000000e+00  2.63169122e-04  2.54000000e+00  2.63984093e-03 
 2.55000000e+00  2.64273175e-05  2.55000000e+00  2.63868311e-04  2.55000000e+00  2.64676973e-03 
 2.56000000e+00  2.65086249e-05  2.56000000e+00  2.64562834e-04  2.56000000e+00  2.65365132e-03 
 2.57000000e+00  2.65895401e-05  2.57000000e+00  2.65252727e-04  2.57000000e+00  2.66048602e-03 
 2.58000000e+00  2.66700659e-05  2.58000000e+00  2.65938023e-04  2.58000000e+00  2.66727418e-03 
 2.59000000e+00  2.67502048e-05  2.59000000e+00  2.66618754e-04  2.59000000e+00  2.67401615e-03 
 2.60000000e+00  2.68299594e-05  2.60000000e+00  2.67294953e-04  2.60000000e+00  2.68071224e-03 
 2.61000000e+00  2.69093323e-05  2.61000000e+00  2.67966654e-04  2.61000000e+00  2.68736280e-03 
 2.62000000e+00  2.69883259e-05  2.62000000e+00  2.68633888e-04  2.62000000e+00  2.69396816e-03 
 2.63000000e+00  2.70669427e-05  2.63000000e+00  2.69296687e-04  2.63000000e+00  2.70052864e-03 
 2.64000000e+00  2.71451853e-05  2.64000000e+00  2.69955084e-04  2.64000000e+00  2.70704455e-03 
 2.65000000e+00  2.72230561e-05  2.65000000e+00  2.70609109e-04  2.65000000e+00  2.71351624e-03 
 2.66000000e+00  2.73005576e-05  2.66000000e+00  2.71258794e-04  2.66000000e+00  2.71994400e-03 
 2.67000000e+00  2.73776921e-05  2.67000000e+00  2.71904170e-04  2.67000000e+00  2.72632815e-03 
 2.68000000e+00  2.74544620e-05  2.68000000e+00  2.72545267e-04  2.68000000e+00  2.73266902e-03 
 2.69000000e+00  2.75308697e-05  2.69000000e+00  2.73182115e-04  2.69000000e+00  2.73896690e-03 
 2.70000000e+00  2.76069177e-05  2.70000000e+00  2.73814746e-04  2.70000000e+00  2.74522210e-03 
 2.71000000e+00  2.76826081e-05  2.71000000e+00  2.74443188e-04  2.71000000e+00  2.75143493e-03 
 2.72000000e+00  2.77579434e-05  2.72000000e+00  2.75067471e-04  2.72000000e+00  2.75760569e-03 
 2.73000000e+00  2.78329257e-05  2.73000000e+00  2.75687625e-04  2.73000000e+00  2.76373467e-03 
 2.74000000e+00  2.79075575e-05  2.74000000e+00  2.76303679e-04  2.74000000e+00  2.76982218e-03 
 2.75000000e+00  2.79818409e-05  2.75000000e+00  2.76915661e-04  2.75000000e+00  2.77586850e-03 
 2.76000000e+00  2.80557782e-05  2.76000000e+00  2.77523600e-04  2.76000000e+00  2.78187394e-03 
 2.77000000e+00  2.81293716e-05  2.77000000e+00  2.78127525e-04  2.77000000e+00  2.78783877e-03 
 2.78000000e+00  2.82026234e-05  2.78000000e+00  2.78727463e-04  2.78000000e+00  2.79376328e-03 
 2.79000000e+00  2.82755356e-05  2.79000000e+00  2.79323443e-04  2.79000000e+00  2.79964776e-03 
 2.80000000e+00  2.83481104e-05  2.80000000e+00  2.79915491e-04  2.80000000e+00  2.80549249e-03 
 2.81000000e+00  2.84203501e-05  2.81000000e+00  2.80503637e-04  2.81000000e+00  2.81129774e-03 
 2.82000000e+00  2.84922567e-05  2.82000000e+00  2.81087906e-04  2.82000000e+00  2.81706380e-03 
 2.83000000e+00  2.85638323e-05  2.83000000e+00  2.81668325e-04  2.83000000e+00  2.82279093e-03 
 2.84000000e+00  2.86350791e-05  2.84000000e+00  2.82244922e-04  2.84000000e+00  2.82847942e-03 
 2.85000000e+00  2.87059990e-05  2.85000000e+00  2.82817723e-04  2.85000000e+00  2.83412953e-03 
 2.86000000e+00  2.87765943e-05  2.86000000e+00  2.83386753e-04  2.86000000e+00  2.83974152e-03 
 2.87000000e+00  2.88468668e-05  2.87000000e+00  2.83952040e-04  2.87000000e+00  2.84531566e-03 
 2.88000000e+00  2.89168186e-05  2.88000000e+00  2.84513609e-04  2.88000000e+00  2.85085222e-03 
 2.89000000e+00  2.89864518e-05  2.89000000e+00  2.85071485e-04  2.89000000e+00  2.85635146e-03 
 2.90000000e+00  2.90557684e-05  2.90000000e+00  2.85625694e-04  2.90000000e+00  2.86181363e-03 
 2.91000000e+00  2.91247702e-05  2.91000000e+00  2.86176261e-04  2.91000000e+00  2.86723900e-03 
 2.92000000e+00  2.91934593e-05  2.92000000e+00  2.86723211e-04  2.92000000e+00  2.87262780e-03 
 2.93000000e+00  2.92618375e-05  2.93000000e+00  2.87266570e-04  2.93000000e+00  2.87798031e-03 
 2.94000000e+00  2.93299070e-05  2.94000000e+00  2.87806360e-04  2.94000000e+00  2.88329676e-03 
 2.95000000e+00  2.93976694e-05  2.95000000e+00  2.88342607e-04  2.95000000e+00  2.88857741e-03 
 2.96000000e+00  2.94651268e-05  2.96000000e+00  2.88875336e-04  2.96000000e+00  2.89382250e-03 
 2.97000000e+00  2.95322810e-05  2.97000000e+00  2.89404569e-04  2.97000000e+00  2.89903228e-03 
 2.98000000e+00  2.95991339e-05  2.98000000e+00  2.89930330e-04  2.98000000e+00  2.90420698e-03 
 2.99000000e+00  2.96656874e-05  2.99000000e+00  2.90452644e-04  2.99000000e+00  2.90934685e-03 
 3.00000000e+00  2.97319432e-05  3.00000000e+00  2.90971534e-04  3.00000000e+00  2.91445213e-03 
 3.01000000e+00  2.97979032e-05  3.01000000e+00  2.91487022e-04  3.01000000e+00  2.91952305e-03 
 3.02000000e+00  2.98635692e-05  3.02000000e+00  2.91999132e-04  3.02000000e+00  2.92455984e-03 
 3.03000000e+00  2.99289430e-05  3.03000000e+00  2.92507886e-04  3.03000000e+00  2.92956275e-03 
 3.04000000e+00  2.99940263e-05  3.04000000e+00  2.93013308e-04  3.04000000e+00  2.93453199e-03 
 3.05000000e+00  3.00588210e-05  3.05000000e+00  2.93515419e-04  3.05000000e+00  2.93946779e-03 
 3.06000000e+00  3.01233288e-05  3.06000000e+00  2.94014242e-04  3.06000000e+00  2.94437039e-03 
 3.07000000e+00  3.01875514e-05  3.07000000e+00  2.94509799e-04  3.07000000e+00  2.94924001e-03 
 3.08000000e+00  3.02514905e-05  3.08000000e+00  2.95002112e-04  3.08000000e+00  2.95407687e-03 
 3.09000000e+00  3.03151479e-05  3.09000000e+00  2.95491202e-04  3.09000000e+00  2.95888118e-03 
 3.10000000e+00  3.03785252e-05  3.10000000e+00  2.95977091e-04  3.10000000e+00  2.96365318e-03 
 3.11000000e+00  3.04416241e-05  3.11000000e+00  2.96459801e-04  3.11000000e+00  2.96839308e-03 
 3.12000000e+00  3.05044463e-05  3.12000000e+00  2.96939352e-04  3.12000000e+00  2.97310110e-03 
 3.13000000e+00  3.05669935e-05  3.13000000e+00  2.97415765e-04  3.13000000e+00  2.97777744e-03 
 3.14000000e+00  3.06292672e-05  3.14000000e+00  2.97889062e-04  3.14000000e+00  2.98242232e-03 
 3.15000000e+00  3.06912692e-05  3.15000000e+00  2.98359264e-04  3.15000000e+00  2.98703595e-03 
 3.16000000e+00  3.07530009e-05  3.16000000e+00  2.98826389e-04  3.16000000e+00  2.99161854e-03 
 3.17000000e+00  3.08144642e-05  3.17000000e+00  2.99290460e-04  3.17000000e+00  2.99617030e-03 
 3.18000000e+00  3.08756604e-05  3.18000000e+00  2.99751496e-04  3.18000000e+00  3.00069143e-03 
 3.19000000e+00  3.09365913e-05  3.19000000e+00  3.00209517e-04  3.19000000e+00  3.00518214e-03 
 3.20000000e+00  3.09972583e-05  3.20000000e+00  3.00664544e-04  3.20000000e+00  3.00964263e-03 
 3.21000000e+00  3.10576630e-05  3.21000000e+00  3.01116595e-04  3.21000000e+00  3.01407309e-03 
 3.22000000e+00  3.11178070e-05  3.22000000e+00  3.01565690e-04  3.22000000e+00  3.01847374e-03 
 3.23000000e+00  3.11776918e-05  3.23000000e+00  3.02011849e-04  3.23000000e+00  3.02284476e-03 
 3.24000000e+00  3.12373190e-05  3.24000000e+00  3.02455091e-04  3.24000000e+00  3.02718635e-03 
 3.25000000e+00  3.12966899e-05  3.25000000e+00  3.02895435e-04  3.25000000e+00  3.03149871e-03 
 3.26000000e+00  3.13558062e-05  3.26000000e+00  3.03332900e-04  3.26000000e+00  3.03578203e-03 
 3.27000000e+00  3.14146693e-05  3.27000000e+00  3.03767505e-04  3.27000000e+00  3.04003650e-03 
 3.28000000e+00  3.14732806e-05  3.28000000e+00  3.04199268e-04  3.28000000e+00  3.04426231e-03 
 3.29000000e+00  3.15316417e-05  3.29000000e+00  3.04628209e-04  3.29000000e+00  3.04845965e-03 
 3.30000000e+00  3.15897540e-05  3.30000000e+00  3.05054344e-04  3.30000000e+00  3.05262871e-03 
